-248833.796875
-51739.9609375
169588.703125
370170.375
481652.625
488670.71875
401428.25
278427.875
108089.921875
-68577.0546875
-232165.78125
-348413.9375
-410747.875
-429823
-425888.6875
-397218.71875
-357267.96875
-326682.625
-307178.96875
-319854.59375
-335518.0625
-348041.59375
-378756.75
-422215.8125
-475217.3125
-530714.5
-584657.75
-635683.75
-658899.375
-667067.125
-649477.625
-612635.6875
-542227.4375
-472279.625
-395359.3125
-343992.59375
-323660.625
-339301.71875
-376614.75
-432982.5
-489361.6875
-543277.4375
-576907.875
-584135.3125
-590577.6875
-585860.1875
-555548.9375
-536273.5625
-501243
-467627.0625
-451259.34375
-427208.9375
-401030.9375
-411609.96875
-424418.5
-442221.21875
-465442.84375
-491025.0625
-508699.21875
-512912.21875
-508451.96875
-486225.59375
-446855.1875
-420243.9375
-409392.8125
-391673.4375
-391697.09375
-416495.59375
-447523.84375
-493506.96875
-536473.75
-559567.625
-566303.125
-557461
-525172.875
-475933.625
-428645.59375
-385934.375
-341249.34375
-317329.21875
-311217.84375
-299673.5
-309580.46875
-329525.5
-348777.09375
-383784.9375
-398026.5
-422753.625
-429106.75
-439455.5625
-444495.84375
-427472.9375
-417910.6875
-403920.625
-389003
-378026.96875
-403083.9375
-412910.5625
-432560.9375
-464037.21875
-483313.34375
-495162.84375
-495006.75
-478299.4375
-458660.625
-430775.75
-390254.5
-363200.625
-339127.3125
-343053.5625
-344090.125
-363662.875
-381590.5625
-398594.375
-440309.625
-444469.96875
-435689.84375
-423911.0625
-402603.1875
-372431
-335170.3125
-303368.09375
-281416.375
-252318.59375
-221877.5
-217977.1875
-213665.484375
-251372.34375
-273942.4375
-298724.625
-320763.96875
-343305.28125
-359903.84375
-371268.59375
-373304.96875
-349564.34375
-331456.25
-323464.25
-295443.5
-296487
-301416.125
-302232.75
-319182.375
-340270.46875
-357719.5
-367436.8125
-369501.34375
-368719.8125
-345659.8125
-315087.25
-286936.25
-256279.625
-227794.671875
-210658.09375
-214616.375
-214882.296875
-241250.921875
-275174.125
-299468.375
-329012.0625
-342410.9375
-358737.3125
-360384.625
-347025.96875
-321721.15625
-310012.875
-282581.9375
-261866.6875
-240109.28125
-219546.875
-222172.3125
-222928.921875
-241438.359375
-255799.71875
-254413.625
-252976.359375
-253332.125
-248983.53125
-232960.296875
-212288.109375
-202595.59375
-175107.25
-170426.46875
-177977.734375
-176670.65625
-196345.625
-223255.84375
-237582.546875
-261041.5
-298076.125
-308211.40625
-298595.625
-295748
-260005.71875
-237826.75
-202111.796875
-175612.09375
-149195.421875
-133711.375
-135473.546875
-139242.6875
-152110.90625
-174470.59375
-194656.3125
-233729.859375
-261526.71875
-275101.4375
-279211.75
-284771.6875
-271184.6875
-257139.171875
-253115.859375
-237281.109375
-214671.40625
-226328.921875
-223656.4375
-221896.234375
-220907.78125
-218845.75
-202556.625
-197512.875
-169764.09375
-138931.84375
-105359.4375
-90513.703125
-71478.2578125
-50413.265625
-60879.1875
-68105.25
-92685.6484375
-128767.3984375
-154482.34375
-177347.15625
-223983.84375
-239626.171875
-234315.609375
-228033.53125
-229948.78125
-218760.5
-192450.21875
-163198.125
-152179.375
-144361.65625
-146980.6875
-156114.46875
-153034.59375
-170623.734375
-176231.84375
-178383.625
-172896.78125
-176769.3125
-157212.9375
-151461.609375
-134860.484375
-116243.359375
-99597.140625
-95900.625
-97606.796875
-107927.9609375
-126186.859375
-148588.78125
-159431.5625
-184936.53125
-207669.5
-212881.9375
-204568.21875
-189932.46875
-167204.5
-143426.453125
-114360.234375
-93623.9921875
-86201.0625
-76628.7734375
-73298.953125
-87644.5234375
-100418.3359375
-114399.28125
-133483.125
-140394.5625
-150644.484375
-147635.46875
-142428.5
-126476.9375
-116723.6484375
-106603.015625
-102759.9609375
-92319.890625
-97700.421875
-92972.375
-114816.6484375
-125656.046875
-126604.9921875
-134063.890625
-122608.5234375
-122028.734375
-121135.421875
-96460.234375
-89105.375
-79433.7265625
-60139.859375
-58077.296875
-71532.578125
-70494.3203125
-96210.5234375
-106750.9609375
-133102.015625
-159302.171875
-163421.625
-158415.5625
-165714.609375
-147412.109375
-129790.859375
-115257.8984375
-99303.234375
-74934.265625
-72983.703125
-63879.73046875
-65305.390625
-76933.140625
-84550.65625
-93305.859375
-111123.5546875
-121418.03125
-114663.234375
-101005.5546875
-93075.5859375
-78920.6171875
-68317.09375
-63146.0234375
-56346.69921875
-42674.90234375
-45713.84375
-68562.4140625
-73830.1015625
-84371.015625
-97643.828125
-108635.9375
-106505.0625
-103932.984375
-96988.4296875
-86073.9140625
-70853.375
-53510.140625
-47996.5
-42678.0625
-54918.46484375
-57373.9609375
-72920.2734375
-96172.3125
-116079.546875
-125181.6484375
-142907.90625
-145905.28125
-143495.359375
-131264.8125
-113015.734375
-87200.4375
-66862.1171875
-48420.359375
-28585.865234375
-29828.35546875
-25333.896484375
-18744.890625
-24749.5
-45397.58984375
-53604.4375
-62975.2421875
-81166.15625
-77392.890625
-82820.875
-66774.015625
-58439.6875
-58533.33984375
-55306.5625
-56300.9375
-59937.38671875
-63862.1640625
-78750.8828125
-94795.75
-108381.9375
-116883.6875
-117474.765625
-104730.8359375
-111632.484375
-82572.328125
-67854.859375
-51213.4296875
-37229.765625
-14553.78125
2310.16162109375
-14471.40625
-8983.25
-28515.03125
-41068.609375
-46175.8125
-58109.35546875
-67449.5546875
-67057.75
-69098.109375
-71345.4921875
-59473.875
-49484.90625
-52558.51171875
-59504.6953125
-53329.25
-48855.625
-50225.74609375
-56829.3125
-72457.296875
-66009.796875
-72849.2578125
-75658.265625
-69280.421875
-59769.19921875
-43295.1484375
-34473.75
-28164.130859375
-20806.412109375
-11068.0419921875
-12457.787109375
-27270.109375
-52271.96484375
-72915.0703125
-79997.265625
-92283.1171875
-94706.6484375
-91728.3125
-93828.71875
-73471.921875
-51090.44921875
-38195.8359375
-24408.1875
-8682.484375
-9715.921875
-1708.22924804688
-1130.61987304688
-17460.458984375
-27915.49609375
-29097.443359375
-40322.0078125
-51826.2890625
-50928.8671875
-55646.8125
-40714.0078125
-53928.08984375
-36999.421875
-31075.171875
-30704.125
-30759.443359375
-31116.140625
-40474.32421875
-46563.4296875
-62035.6875
-72308.1953125
-78329.1875
-75757.7890625
-78764.15625
-71124.078125
-40013.3828125
-35832.71484375
-27019.802734375
-12073.724609375
-5081.2607421875
-1593.71875
-2705.33862304688
-7866.84912109375
-17975.162109375
-26745.953125
-26346.896484375
-34758.671875
-49825.125
-48263.8515625
-46328.4453125
-52944.07421875
-44524.046875
-34659.1171875
-32913.421875
-28222.0625
-41595.0859375
-38185.1171875
-38705.5625
-44032.59375
-41506.6015625
-46536.375
-39039.609375
-37995.23046875
-43831.38671875
-27314.21875
-13916.546875
584.78125
-9346.771484375
361.979187011719
-3304.4375
-5949.203125
-20709.880859375
-23513.224609375
-40996.53125
-43906.7265625
-53073.82421875
-57624.99609375
-44963.40234375
-47037.40625
-37075.9296875
-29330.93359375
-18701.77734375
-16890.52734375
-22246.412109375
-11798.625
-10437.162109375
-10044.630859375
-17286.69921875
-22716.4375
-29965.84375
-36984.765625
-41676.984375
-40571.703125
-39560.01171875
-29327.115234375
-27169.052734375
-19482.021484375
-21243.49609375
-20259.84375
-16880.140625
-22695.57421875
-34858.57421875
-33862.68359375
-35571.421875
-36849.6171875
-38363.703125
-28078.13671875
-24675.240234375
-19288.328125
-15658.615234375
-8831.083984375
-6299.234375
1850.99487304688
2857
1214.55737304688
-19416.84375
-17416.33984375
-17183.005859375
-29462.62109375
-31214.927734375
-37475.1640625
-32457.349609375
-24218.38671875
-22608.521484375
-18023.91796875
-14407.599609375
-16730.287109375
-8939.833984375
-13244.40625
-14392.5419921875
-8445.2919921875
-36402.40234375
-42124.578125
-35007.62109375
-34334.71484375
-37296.41796875
-26597.59375
-25720.46875
-23461.82421875
-5766.65625
-11009.6982421875
-5101.859375
-12597.380859375
-16017.896484375
-21462.79296875
-22759.01171875
-34297.421875
-35089.4375
-42015.1328125
-41675.90625
-32263.33984375
-23917.734375
-11909.96875
-3889.58349609375
1988.30212402344
11362.3701171875
7048.88037109375
1168.046875
-7592.1201171875
-13166.380859375
-14657.0888671875
-30576.63671875
-36929.375
-36226.1484375
-43987.078125
-38598.15234375
-38789.3828125
-25309.703125
-29207.005859375
-19169.458984375
-4267.00537109375
-3211.28662109375
2063.31787109375
2034.64587402344
-14177.083984375
-25763.234375
-24422.375
-21122.27734375
-26166.76171875
-20872.30859375
-15531.7138671875
-16559.943359375
-9529.6875
-1892.46875
-4677.109375
-3324.640625
1711.8125
3834.23974609375
-8550.3388671875
-29852.474609375
-29436.02734375
-33716.13671875
-45659.07421875
-50189.83984375
-37247.4921875
-38704.078125
-38147.6640625
-26416.54296875
-24433.271484375
-10051.6982421875
-10849.625
1016.58856201172
1178.30212402344
-8695.625
-3715.96875
-6800.14599609375
-19889.40234375
-19124.693359375
-28777.73046875
-24112.443359375
-14477.7763671875
-9119.958984375
-12966.8388671875
-4809.88037109375
-7185.80224609375
-4464.7607421875
-11439.349609375
-10581.021484375
-22942.818359375
-26670.01171875
-20360.724609375
-20187.849609375
-24286.796875
-18054.46875
-18856.94921875
-8872.4951171875
-11523.0419921875
-7068.359375
-2189.296875
-7367.0888671875
488.364593505859
-1105.22924804688
-7374.41162109375
-7961.91162109375
-20285.99609375
-21170.21484375
-30423.296875
-31275.35546875
-30976.35546875
-29462.85546875
-18204.62109375
-26964.724609375
-18427.990234375
-15040.046875
-12066.2294921875
-11672.1513671875
-8530.4794921875
-6114.45849609375
-9889.5419921875
-14200.453125
-14395.828125
-17869.09375
-20256.296875
-19871.46875
-9904.453125
-10563.568359375
2294.51049804688
4177.8232421875
6483.296875
3035.65625
-36.0208358764648
-5980.375
-10189.8125
-15771.5888671875
-22196.849609375
-27185.75
-30436.04296875
-23961.93359375
-23124.203125
-17099.80859375
-16718.96484375
-8823.849609375
-6646.98974609375
-4817.33349609375
-1546.23962402344
-2921.47412109375
-9250.203125
-4127.359375
-17791.29296875
-23943.052734375
-19037.599609375
-13478.2607421875
-15206.3544921875
-21744.693359375
-24518.546875
-15997.693359375
-10741.515625
-8405.7294921875
-12279.458984375
-11775.8076171875
-12983.4951171875
-12484.34375
-14217.6201171875
-15866.0625
-18636.240234375
-19518.84375
-17610.94921875
-18505.333984375
-13981.396484375
-6394.609375
-1889.04174804688
-237.99479675293
1672.734375
10769.875
6506.1044921875
13124.71875
1276.88549804688
-3444.15112304688
-15303.380859375
-19373.35546875
-16123.9482421875
-19403.099609375
-11279.458984375
-13278.583984375
-9915.537109375
-9194.2763671875
-12237.609375
-4338.8857421875
-5084.9794921875
-3244.78662109375
-4299.9638671875
-11111.708984375
-16301.546875
-17097.9375
-12427.8125
-25211.93359375
-17920.76171875
-12118.2451171875
-10171.2919921875
-847.53125
2941.02612304688
-285.005218505859
4147.61474609375
-2612.78125
-3827.83349609375
-2275.06787109375
-2390.46362304688
-17270.46484375
-20160.484375
-12681.4375
-17354.318359375
-19676.85546875
-19234.34375
-19333.37109375
-10498.71875
-3133.56787109375
277.119812011719
-5049.73974609375
-1748.51049804688
7435.890625
-5761.34375
-11831.271484375
-11132.6826171875
-12208.765625
-13656.021484375
-16990.28125
-11924.7451171875
-19173.32421875
-28116.390625
-19229.57421875
-4027.73974609375
4.36458349227905
-4720.9013671875
-9495.484375
-3924.84912109375
-1436.0625
1769.68237304688
-5168.53125
-10562.15625
-10426.875
-11845.203125
-16728.255859375
-16533.083984375
-21477.25
-7344.984375
-7314.765625
-10075.5625
-10355.078125
-8431.4638671875
-15403.677734375
-8293.474609375
-13011.875
-6568.109375
-11122.2451171875
-20177.34375
-16822.1875
-11232.265625
-10129.865234375
-1291.76049804688
-6336.234375
-4654.50537109375
4474.22412109375
1590.47399902344
1700.00524902344
673.854187011719
-1292.19799804688
-2495.13549804688
-3855.84912109375
107.28125
-5805.16162109375
-9908.412109375
-870.854187011719
2931.03662109375
-9180.068359375
-3510.421875
-6117.4482421875
-8688.984375
-5423.03125
-10438.6044921875
-10893.6875
-20596.802734375
-22639.69921875
-13821.599609375
-9628.0732421875
-11561.921875
-17000.318359375
-11746.2451171875
-9948.8857421875
-7451.21875
8672.4638671875
4063.47412109375
-5226.09375
283.171875
-1303.09899902344
931.046875
-12123.021484375
-16036.1826171875
-12104.583984375
-15230.34375
-13246.4326171875
-16925.9375
-12649.203125
-12445.755859375
-13613.265625
-10459.1201171875
-5014.0419921875
-4680.75
-3330.453125
3394.05224609375
-346.916687011719
-4243.0888671875
-5915.46875
-8992.546875
-552.348999023438
-10633.552734375
-1128.359375
5086.15625
8028.92724609375
6557.5576171875
10532.046875
-2017.74487304688
1774.328125
5096.3125
-2350.94287109375
-6092.34912109375
-9067.5888671875
-7124.17724609375
-16066.4326171875
-19921.59375
-16662.458984375
141.03125
-12296.046875
-6824.7138671875
-7425.9169921875
-10663.2451171875
-4778.90625
2671.08862304688
12974.875
-3411.06787109375
-13890.65625
-11781.8857421875
-2072.28662109375
-375.125
-868.208374023438
-8109.8232421875
-2996.234375
-6758.83349609375
-4781.921875
-4097.9169921875
-4802.4013671875
336.817718505859
5953.78662109375
-3671.93237304688
-1917.82299804688
-6448.4326171875
-19276.02734375
-17301.03125
-8201.693359375
-11664.484375
-377.15625
-731.65625
-2725.23974609375
-2561.875
-3206.375
1844.28649902344
-7689.8388671875
-8138.390625
-3099.125
-298.546875
-3408.48974609375
-11834.25
-10794.1044921875
-14369.4169921875
-8535.25
2653.921875
-8541.28125
-2527.08862304688
-814.125
1464.43237304688
2377.08349609375
11769.9794921875
-261.135437011719
8871.3857421875
-1826.875
-14930.2294921875
-16218.224609375
-7900.2607421875
2350.35424804688
-4835.42724609375
-11919.3701171875
-127.552085876465
-390.541687011719
-5271.96875
539.442749023438
-5847.72412109375
-4291.03125
-7339.0263671875
-8515.1513671875
-14960.296875
-9151.9375
-13016.708984375
-7300.61474609375
-12228.1982421875
-19007.265625
-7575.52099609375
-1348.45837402344
1642.84899902344
4387.5107421875
-5287.9375
8398.65625
-3103.35424804688
3254.625
7937.00537109375
8195.4326171875
8209.953125
542.71875
-1366.85424804688
3367.5625
-3300.25537109375
-7671.55224609375
-5677.7138671875
6759.6875
1004.0625
4005.38037109375
-6900.80224609375
6143.7607421875
4357.13037109375
-13731.78125
-12250.15625
-8505.09375
-5142.4326171875
-8538.109375
-7846.5625
-13067.4326171875
-3921.4375
861.59375
-5288.95849609375
-5933.5576171875
-3203.73974609375
-1087.60424804688
2910.046875
-7081.0263671875
6539.08349609375
-1188.3125
-8142.9169921875
-7835.05224609375
-7846.234375
-9602.662109375
1322.55737304688
-4221.625
-2409.68237304688
2203.74487304688
-4044.06787109375
-4761.140625
-3812.359375
-2019.66674804688
-3113.1875
-8264.546875
-1408.19274902344
263.916687011719
-7576.78125
-10816.734375
-2838.515625
-2280.95849609375
1875.69274902344
9380.7138671875
-4487.2763671875
-5561.734375
-6298.8701171875
2705.94287109375
-2705.10424804688
2089.61474609375
-974.119812011719
-7781.765625
-8440.208984375
-6413.53662109375
-17756.474609375
-13100.875
-3532.5
-3195.54174804688
100.75
-7307.38037109375
-4401.8232421875
380.817718505859
708.270874023438
-7489.7138671875
-4571.58349609375
-5654.3125
-11411.1826171875
-11428.1826171875
-776.671875
-5642.92724609375
-2674.23974609375
-8799.9375
-11961.740234375
1682.89587402344
-2075.9375
-1523.94274902344
10688.46875
12259.2607421875
4238.578125
1662
80.5104217529297
-3255.94287109375
-3370.359375
-3662.27612304688
-10180.443359375
4244.328125
4172.81787109375
-5457.36474609375
5392.19287109375
-1971.00524902344
-3362.078125
-6547.59375
5119.765625
-3645.81787109375
-3442.16674804688
3728.34912109375
-9527.359375
-11815.7607421875
-12619.3701171875
-11060.6201171875
-10059.646484375
-6938.3857421875
-5636.69287109375
-6573.109375
-6983.5419921875
-5914.09912109375
856.494812011719
948.541687011719
7146.0888671875
13571
136.52604675293
-4135.34375
11279.359375
2656.89599609375
-6968.1357421875
-2908.98974609375
-4955.70849609375
-168.828125
-2992.21362304688
8252.875
-8660.703125
-13343.84375
-7229.86474609375
-2879.203125
-3392.078125
-4505.6513671875
-10561.1044921875
-6076.47412109375
-3299.9375
-11965.1669921875
3370.08862304688
627.65625
-9204
2355.08349609375
4566.20849609375
13474.177734375
5100.03662109375
-6011.8232421875
-2309.20849609375
-4267.1982421875
-1543.63024902344
1178.72399902344
2873.953125
-2140.89599609375
-4169.59912109375
-9997.240234375
-9483.646484375
2560.01049804688
268.901062011719
-12558.2919921875
-9005.6201171875
-5844.42724609375
-4656.7763671875
3711.07299804688
-11054.84375
-1823.86462402344
-3799.94287109375
-11759.427734375
-7787.71875
-3379.94287109375
-7837.8701171875
-2713.19799804688
2691.08349609375
1953.28649902344
6093.46875
-1662
-1831.609375
3061.13549804688
4973.1669921875
-3345.36474609375
8023.28125
-1395.625
-11082.828125
-5087.5263671875
5844.84375
6858.671875
-4523.015625
-6264.8076171875
-3808.56787109375
-3421.203125
-3834.44287109375
-8434.5107421875
4.984375
-8156.83349609375
-13442.6982421875
-13574.7919921875
-7926.8388671875
-7749.1826171875
-14447.7294921875
-5928.9482421875
3166.22924804688
-1607.78125
8118.015625
1950.11462402344
6081.453125
-2841.3125
96.1354217529297
-3338.80224609375
-5645.9169921875
-4138.5
-3837.47412109375
-3317
-11933.8701171875
-7497.78125
-1853.234375
-8292.4013671875
-7363.1875
-1888.83862304688
-4928.22412109375
-1829.98962402344
-1314.57299804688
2732.51049804688
11014.859375
-1975.15625
-2805.32299804688
-1064.65112304688
-4685.4326171875
-5396.5732421875
-3839.97412109375
-2909.25537109375
-1508.36462402344
-12284.521484375
-11776.3544921875
-2666.25
-761.682312011719
1269.38024902344
-3525.00537109375
-3814.21875
365.145843505859
-1062.671875
-8290.115234375
-12016.703125
-7563.046875
-7511.69287109375
-4085.19287109375
-74.2135467529297
-2648.515625
-772.510437011719
10805.5625
5200.46875
4125.8232421875
6382.453125
7404.7607421875
740.244812011719
3959.828125
-4462.9013671875
-1397.63024902344
-2554.21362304688
-6002.2451171875
-4939.9794921875
822.182312011719
3334.75537109375
4407.27099609375
-23.8229179382324
-1439.28125
10294.5888671875
-248.203125
-1959.82299804688
2723.89599609375
3060.11987304688
-6264.9638671875
-4254.27099609375
-3005.14599609375
-502.265625
-1596.17712402344
1285.45837402344
-289.859375
-9032.162109375
-2053.921875
-3798.92724609375
-5784.81787109375
-8064.03125
-5097.984375
-4783.0732421875
10413.2919921875
550.875
-4071.296875
-2673.6875
3110.92724609375
2644.15625
-2413.515625
736.1875
1002.60418701172
2933.68237304688
-6037.671875
-1823.9375
-385.223968505859
-5908.30224609375
817.953125
-1746.46875
-7815.31787109375
-4172.421875
7376.828125
608.770874023438
4715.4638671875
3004.80224609375
150.61979675293
6170.65625
1345.140625
2038.203125
-970.5
-6765.72412109375
1919.94799804688
1263.078125
748.354187011719
-4679.2607421875
707.192749023438
-1590.07299804688
-2679.86987304688
-10532.474609375
-15818.9013671875
-2066.98974609375
-3158.46875
-4865.453125
-6939.234375
-2293.54174804688
-4691.3701171875
-547.59375
-697.515625
-10012.7607421875
-1842.98962402344
-4703.34912109375
-3267.02612304688
-6667.83349609375
-9785.5263671875
-4933.27099609375
-9013.2294921875
-3202.85424804688
-3354.61474609375
-6499.78662109375
-2326.53662109375
-2102.76049804688
-6434.7294921875
-2026.97399902344
3304.4375
5409.3544921875
-2963.71875
-5287.296875
4801.6357421875
12161.0263671875
8509.8544921875
5493.1044921875
506.489593505859
-488.723968505859
-2639.80224609375
-6492.89599609375
-1563.13024902344
-1251.875
-4994.94287109375
-10524.390625
-8367.6201171875
-3546.421875
-7217.63037109375
-1151.00524902344
-2045.734375
-5610.6513671875
3499.22412109375
1084.78125
-9368.8701171875
-5192.1201171875
-12209.4951171875
243.16667175293
-5484.53125
-8826
-6610.703125
-2396.64599609375
-10727.4375
-4031.44287109375
-7600.16162109375
-1711.953125
4932.81787109375
1990.66149902344
419.302093505859
6439.953125
-3055.91162109375
-3242.60424804688
2665.51049804688
1712.46875
1056.16674804688
-5953.796875
7028.703125
8157.65625
10547.171875
4974.91162109375
5013.84912109375
1062.97924804688
11036.490234375
7293.25537109375
4403.78125
-9789.734375
-2604.953125
1063.3125
-701.911499023438
-1132.17712402344
-100.364585876465
2402.4375
1331.578125
3897.125
182.302093505859
-5282.16162109375
-10020.1826171875
-10376.9013671875
7768.765625
1556.71362304688
-637.25
-2665.046875
-8594.4013671875
-9518.375
901.119812011719
-5631.703125
758.729187011719
1010.25524902344
801.890625
3813.515625
-1062.04174804688
2981.16162109375
7444.7607421875
1434.71875
5681.3857421875
3172.02099609375
-2172.78662109375
541.9375
1182.8125
-219.489593505859
-407.895843505859
-10006.865234375
69.3802108764648
-1507.92712402344
2598.61474609375
4657.25537109375
3260.93237304688
2829.19799804688
-5777.3857421875
-3243.171875
-8220.490234375
-1788.16149902344
-11763.9482421875
3782.015625
5624.63037109375
-7608.0732421875
-5824.3125
-2283.80737304688
-897.666687011719
-1673.58862304688
-5930.7451171875
-9570.09375
-6259.875
-27.8489589691162
-3262.84375
-4767.31787109375
-2192.89599609375
-856.151062011719
-11097.005859375
-8330.6875
568.432312011719
1653
-218.55729675293
6988.36474609375
7524.8544921875
1328.0625
3492.44799804688
2338.02099609375
6697.86474609375
9558.2451171875
1421.91149902344
-10038.4482421875
11.625
547.630249023438
-11153.2763671875
-2364.05224609375
-4739.1669921875
-7025.21875
1942.00524902344
1094.578125
2262.25537109375
-6525.296875
-5024.359375
-6780.390625
-584.385437011719
-3447.41674804688
-738.005249023438
-4188.00537109375
-9172.099609375
-7413.171875
-3219.19287109375
-6966.75
-9601.6826171875
-19893.41796875
-12635.240234375
-3030.94799804688
-4972.453125
5053.38037109375
-1582.63549804688
-8088.13037109375
-3061.46875
3967.17724609375
-3964.34375
8007.546875
532.536499023438
-482.645843505859
2751.578125
-772.604187011719
-408.09375
-2057.984375
-3762.484375
-7946.59375
-7626.19287109375
-593.786499023438
586.942749023438
-7572.171875
2865.74487304688
5504.828125
-967.59375
-10690.34375
-16840.46875
-11574.677734375
-7534.4951171875
-12000.015625
-9845.734375
-2072.97924804688
1111.171875
-10490.875
-3439.88037109375
3054.27612304688
-2213.47924804688
-3116.23974609375
-7343.98974609375
-4507.6357421875
-7117.44287109375
5693.59912109375
-805.109375
2090.5
-1912.53125
2941.953125
712.505249023438
1243.08337402344
7200.2138671875
8408.771484375
7048.06787109375
6923.13037109375
4783.64599609375
5070.45849609375
11416.75
-2876.40112304688
-2780.52099609375
-4922.546875
-3467.77099609375
-8405.318359375
-1986.11987304688
5007.9169921875
-4524.64599609375
-4784.84912109375
-664.901062011719
3747.0625
-6677.8125
-671.609375
-132.109375
799.552124023438
-5135.625
296.8125
5608.90625
2556.72412109375
-7681.09375
-4952.375
-2637.27612304688
652.09375
-3665.640625
-2453.22924804688
3514.63549804688
7017.140625
5972.4013671875
1950.5625
5575.484375
4038.44287109375
-7504.375
-2605.828125
-868.671875
-2084.71875
-845.734375
1155.94799804688
1305.65625
-4291.0263671875
-48.578125
1590.93237304688
-4166.2763671875
-5745.47412109375
-4331.234375
-4438.2919921875
-7543.703125
-9054.0263671875
-1471.49487304688
11058.193359375
326.776062011719
-2905.96362304688
1626.47924804688
-1830.625
-1343.42712402344
-4610.375
-2649.01049804688
-4393.73974609375
-683.552124023438
-1842.27087402344
-4674.5888671875
-6034.11474609375
-7987.5107421875
6738.1826171875
6293.59375
2011.94799804688
2971.52099609375
1492.83337402344
2069.22412109375
604.291687011719
704.385437011719
9427.0263671875
414.640625
-1061.08862304688
-2664.51049804688
-2262.26049804688
-3667.84912109375
-11757.7451171875
-4034.515625
-2745.15112304688
4715.06787109375
-368.84375
-8612.146484375
-7757.3076171875
-6762.0263671875
1021.875
-2926.92724609375
10498.3544921875
3704.40625
4721.171875
-1674.99487304688
1346.77612304688
7793.5
5086.796875
2524.99487304688
-130.22917175293
-2663.99487304688
-3866.36474609375
8692.3125
-5333.6826171875
-3228.98974609375
-1192.703125
-2750.5625
1650.27612304688
-5705.8232421875
-2182.67724609375
-1764.80212402344
-1969.88549804688
5467.0732421875
-6956.3232421875
9546.359375
9072.287109375
-819.645874023438
-2244.5625
5743.9482421875
618.302124023438
3432.38549804688
-3725.77099609375
-14461.3544921875
8986.265625
7679.67724609375
5862.453125
7858.1826171875
-283.572937011719
2937.21362304688
-190.38542175293
-3578.86474609375
5189.9794921875
4351.2138671875
8349.375
-9597.443359375
-2264.5625
-138.05729675293
-9357.6513671875
-1940.34375
5427.22412109375
4514.97412109375
-3020.14599609375
1047.19274902344
8914.6513671875
-13820.421875
-5192.75537109375
307.739593505859
-2598.33862304688
-5284.2138671875
-10414.2138671875
391.333343505859
8467.755859375
3883.77612304688
-8214.443359375
2042.234375
9009.2607421875
-3150.03662109375
1931.06774902344
4357.734375
250.46354675293
2941.73974609375
2320.703125
7784.5419921875
2938.10424804688
4176.65625
7431.7919921875
3614.59375
3847.85424804688
9723.7607421875
5237.5888671875
-4515.78662109375
1586.34375
2978.61474609375
11895.474609375
5904.21875
-1620.26049804688
-2295.578125
-16549.24609375
-940.328125
-8559.1201171875
-1985.52087402344
-3171.28125
-4153.0732421875
-9916.2763671875
-385.296875
3122.96875
-7021.015625
1554.47924804688
-3789.80224609375
-4512.73974609375
-10193.912109375
-6679.53662109375
9415.6513671875
7638.875
852.661499023438
1334.34899902344
8163.53125
-1983.50524902344
4518.41162109375
7300.96875
1821.60424804688
7536.28125
-4797.7763671875
-378.536468505859
1836.97399902344
-1069.45837402344
5796.0576171875
11235.083984375
-2523.27099609375
-12013.859375
-15153.5419921875
-9104.990234375
-12845.234375
-5272.859375
-7524.9326171875
-11363.4638671875
-966.203125
-8115.8857421875
6214.0576171875
32.7864608764648
-3240.16162109375
214.145843505859
3658.63037109375
1886.375
-694.223999023438
-5242.89599609375
1978.828125
-4596.39599609375
-3912.88549804688
2928.015625
-3936.70849609375
-2963.59375
276.421875
811.729187011719
1890.265625
-7057.125
-2837.23974609375
3920.171875
753.963562011719
-6256.3544921875
4492.2919921875
-2326.73974609375
-3028.55737304688
9109.583984375
5732.13037109375
3413.453125
9795.037109375
431.447937011719
497.25
1782.49487304688
-3309.36474609375
-7087.875
929.416687011719
-2267.29174804688
4567.5107421875
9200.0263671875
3882.67724609375
7970.27099609375
-5864.0576171875
-11031.7919921875
1988.9375
-587.958374023438
-1803.33862304688
8771.03125
2558.1875
4152.11474609375
2669.609375
1432.13024902344
316.171875
5676.3232421875
4206.47412109375
-819.484375
151.927093505859
-7065.609375
5490.8544921875
6060.765625
-6754.25
-14150.365234375
-7429.1044921875
-3963.65112304688
-6334.359375
-8799.03125
-6798.4951171875
696.838562011719
-3367.36474609375
-4170.03662109375
-2678.71875
3516.17724609375
-348.109375
-3817.28662109375
6047.0263671875
290.71875
778.213562011719
-6160.34375
-11761.265625
-6591.625
1008.48962402344
-3266.58862304688
-1184.01049804688
8132.75537109375
5750.21875
7355.8701171875
4274.15625
2153.45849609375
-3119
-883.036499023438
4317.02099609375
9363.265625
11427.662109375
-2555.58862304688
-781.265625
925.3125
7180.859375
8977.546875
6993.59912109375
3169.61987304688
5.56770849227905
-3774.47924804688
3370.27099609375
-4491.34375
-3969.01049804688
-5391.203125
-11511.583984375
-2636.875
-3576.5
-4237.984375
-8320.1357421875
-6055.1826171875
-684.776062011719
-2906.94799804688
-681.020874023438
-15508.46875
-3373.08349609375
2995.15112304688
-3706.58349609375
-1054.49487304688
4003.609375
-8459.099609375
-3995.96362304688
2301.75
3884.92724609375
4499.20849609375
1477.203125
-3472.81787109375
-790.838562011719
6896.55224609375
8593.115234375
235.91667175293
7106.63037109375
3188.45849609375
6694.78662109375
-2153.4375
-2461.97924804688
8105.64599609375
-3464.35424804688
-5495.25
-1377.48962402344
-5842.94287109375
-4217.6875
1608.39587402344
-4750.9326171875
-2507.28662109375
5435.1513671875
9177.8701171875
1668.859375
-1907.203125
-2694.734375
-3937.27612304688
-1159.67712402344
724.46875
-3567.22412109375
-5761.7138671875
-3273.94287109375
3566.15625
-7490.8388671875
5722.6669921875
6670.98974609375
-1396.59375
-5420.2919921875
3271.08862304688
3536.125
-3834.609375
-6229.56787109375
1933.82299804688
7720.5732421875
2433.33862304688
3255.94287109375
-3178.22412109375
6792.265625
-2951.671875
3158
6807.31787109375
5708.8544921875
-502.145843505859
5987.63037109375
8538.990234375
11119.115234375
6046.9638671875
618.776062011719
12721.3076171875
5031.28662109375
-6990.06787109375
-3630.72924804688
13412.9375
1217.05212402344
1773.13024902344
2505.109375
-3536.92724609375
1559
-8744.6826171875
-13013.9794921875
-1362.90625
3693.27099609375
745.307312011719
-2980.05224609375
5695.390625
-8311.6044921875
7663.78662109375
578.067749023438
7791.1826171875
-3656.32299804688
-5537.88037109375
-8971.615234375
2041.30737304688
-538.026062011719
2023.16149902344
-7879.6982421875
-4355.05224609375
-848.916687011719
-6869.984375
-11335.162109375
-3454.046875
-5754.45849609375
-3682.328125
-305.229187011719
-1063.47399902344
-1677.84375
-3192.88549804688
6086.015625
1319.046875
-5309.00537109375
5192.015625
-988.963562011719
-90.65625
448.416687011719
-4501.0625
-9254.4482421875
1774.42712402344
-8050.0888671875
-8543.7294921875
7603.3544921875
-707.515625
-2943.671875
4228.84375
-1599.27087402344
3241.546875
-5381.8857421875
-3623.80737304688
-2124.48974609375
-2221.29174804688
2528.05224609375
-4700.390625
-2111.828125
-5983.75537109375
-5990.4375
-9326.552734375
-11724.3125
-8208.0888671875
-1098.00524902344
2166.74487304688
-6360.5
-8397.990234375
8581.421875
-1050.828125
-4776.19287109375
3123.22412109375
3386.81787109375
-4014.23974609375
95.390625
-4323.6044921875
-496.078125
-1736.125
9172.6669921875
5599.953125
403.921875
161.5625
4356.890625
-8674.7607421875
-4284.4951171875
-6212.5576171875
-5451.234375
-2186.515625
-545.901062011719
1975.82299804688
-4441.1982421875
4541.453125
735.088562011719
-4812.14599609375
-5717.95849609375
4086.296875
-1940.36987304688
458.927093505859
-5.484375
-5264.640625
-3734.578125
-2951.90112304688
-9184
-5972.140625
-4818.078125
-5194.75537109375
3771.08349609375
3320.01049804688
-2995.07299804688
5944.02099609375
-3924.421875
-5203.265625
4174.0107421875
6714.6201171875
-7626.09912109375
-14763.630859375
-7286.45849609375
-12259.677734375
-5967.0576171875
-6472.328125
9066.1357421875
-1350.53649902344
143.223968505859
-4333.6513671875
-5370.171875
1968.99487304688
6988.88037109375
3090.52099609375
-102.0625
22.2083339691162
-8.26041698455811
