226780.036508373
137541.29424609
27005.6244797017
-80189.6841705707
-162202.657341983
-237867.779262648
-260024.781293058
-249462.599921415
-229652.056659356
-180005.116442312
-121794.806591354
-76301.3536093486
-50419.587154994
-35661.0079998912
-35655.0294329541
-46336.1572292145
-63977.0828555623
-81161.6117096312
-95940.3126968413
-106006.132887145
-106800.065133687
-110374.170066789
-105129.111187785
-82791.4302601721
-61913.3807122286
-55080.9947167272
-29543.5935700104
2200.30410281528
17798.7687673658
31430.4897653786
43978.0890077278
42612.8425696983
26995.1630075397
15187.8072086415
-2581.59423775111
-28363.0011294063
-40473.9951901298
-48361.1496809026
-42322.1982724252
-32290.004790466
-23202.6055625154
1380.35992903955
10831.0374616045
30716.3278825314
35794.8079989725
50212.7314716712
46731.1940413657
36302.1334474526
39492.1197775563
23414.2044047041
2381.31208841693
-5163.05426115649
-10293.4443932755
-13505.4332907943
-27417.3165756281
-26949.8656252547
-21580.82934316
-15694.3044551801
-16853.2632455847
-5104.00643732607
2607.76312200087
-2429.91021599767
-8660.67484163006
-15415.6486053229
-29386.0042506145
-38308.1505361082
-39628.5498537185
-27814.6245224596
-28989.3038300331
-7811.59153479249
16284.2231128583
18742.4865403628
38226.2372782544
48338.0184307937
53168.1638875919
48680.3279544692
40367.0397902732
26393.6529711234
20830.644084809
14363.1642491473
7537.50614002272
-2430.81754516083
-6314.48493842443
-9140.1222558112
-9320.92414222309
3027.83798780047
10760.169836765
12890.9693192013
21205.0242324748
28462.2314980519
33558.08331736
36011.6591997605
29411.3707322002
22606.5218795172
18537.0218723325
20576.9079550925
21212.0978842955
14623.2810248786
15549.1171990471
14003.6295192358
21943.4044392189
33265.6015102597
51596.6691318936
49572.7282414527
48298.2708603034
47954.8319294323
33279.9828843613
28677.698017508
20247.9926568035
12553.0918088675
9069.79575991287
13579.2812513655
9663.97462067125
21249.9885463278
32477.5595508984
36586.8364198874
33392.5203826076
41382.555113022
33037.9485625478
29379.076684482
17397.588468866
4779.12918152329
3615.22199618311
-5124.04649054662
-11624.8693039497
-14864.4073683735
-11675.379266007
-17712.2029442034
-12240.9074943543
-10765.1205482202
1245.73819501707
8222.56775575753
7989.44557334921
14671.5908121229
19205.9804307926
9430.02581882043
9356.29999315381
13506.6209965038
10749.3405910314
2827.48703965418
5632.67211834017
7.67505273586357
6625.81104376456
8902.05541884605
7219.80318916771
15892.1646855482
15497.2935946
10324.7313503465
6842.91702813335
6803.77413153455
-5143.53273069907
-8570.45493699574
-13124.6268724185
-16721.0368428635
-13420.4039913717
-15567.7354687129
-18683.716838667
-15949.4548692655
-3107.2013902889
56.6948715962826
7316.64366976107
8331.94786434381
9020.61303184429
4409.02552707605
6596.32881545676
7737.687976575
5479.17126016866
1495.3106767873
-8685.48919432675
-12710.5276673935
-10024.3265189283
-6661.33448568714
-7597.25837571614
-8520.78510073025
-6810.83572611184
-7493.71231605839
-11008.8457437038
-6735.18068184737
-8333.07411782011
-15913.0574346791
-17204.7724479565
-17996.0135473313
-23502.5345421005
-19634.3354090128
-22810.3392154082
-29016.7606680536
-26918.8265210605
-13057.3809240954
-16804.8546139928
-9965.35007531978
-7693.20104908855
-6290.93914134511
7419.3709922168
-3725.29508563422
-7621.82988621563
-13613.5637892217
-21006.202070029
-26627.6891592479
-29317.3332410904
-28302.2016458956
-29679.0231561608
-32963.2185588716
-25110.5623364084
-18451.3194882903
-17978.7052952096
-6025.2870719963
1847.40183121774
-3675.17671095885
-1035.04919324982
3272.99133512644
-1899.440682265
-4758.04235403962
-6146.8781945664
1216.98500463529
-710.717396335349
-2908.8231015613
400.622516449166
-486.70286095427
1623.46691358873
-2926.06195383512
-5472.34736580734
-9983.28891214314
-10605.3534067701
-15548.5178124907
-14102.8201599462
-26582.0863444749
-29670.1807815366
-28743.0629904584
-29971.1310626175
-20840.9307980142
-20752.4363729344
-15113.2441127649
-9667.3878598134
-5073.16977173061
-10740.0651836055
-3489.03250520721
2066.40475116412
5045.30207437139
586.159849917982
-3953.10006511763
-32.467077552159
-3433.80589870689
-3904.07523741323
-4925.36241922103
-9537.73364495154
-8064.98808469461
1881.86607135487
-8167.84352034679
-11734.9032043628
-1391.59073344779
-10999.3744199847
-12512.2230437633
-8686.60194082687
-19861.6831340566
-11093.8155883095
-13544.2658728112
-16760.9214474998
-14500.2859217465
-12142.7814804192
-11507.2311733777
-14620.6826477629
-6113.02625173831
2036.6310687293
942.914573214417
6292.097677442
-1026.69490160514
-4397.91903760018
-5256.92146037322
-6216.93182895924
-2405.02495258347
-14403.8150390786
-10271.7957899667
-12333.5508653101
-14079.7109757802
-17860.2105298137
-11916.2893807065
-6070.16943855675
-7077.22499591254
-5752.37663329626
-4217.91258082161
-11147.8015829969
-3763.41778788063
-2466.32487196358
-6374.50385065732
-4611.10643039321
-4280.59567441961
-15140.1360257905
-13794.0498739815
-5820.5112417835
-8238.58520549684
2712.14518700588
1730.33385672865
-4657.25159274565
-2384.87882667311
-5188.34449975488
-4572.31825191335
-12349.6316753193
-7312.69581444854
-9766.61460537106
-13288.2196995037
-13981.9666601043
-14673.5091820544
-9362.19242306588
-11116.293000153
-11461.9779687392
-1328.19960115002
5248.41770855159
-1002.12739710118
425.197886104339
2904.49644209288
4426.92176236992
-1151.16611796696
-3663.80034541743
-6657.02489893536
-4440.46434535309
-4646.07217942574
-4605.86726489891
-9725.9741907099
-5608.39301535598
-9520.74553765975
-1724.84630013931
2894.22599399969
-4397.80579607703
2994.88996328298
620.483763965422
-1526.74433493459
-181.998157974508
-6190.04905469871
-8376.89114975203
-3703.83725571114
-6042.52758929587
-1150.16854445038
-1651.71254561668
518.607105346259
-1099.87079613658
8388.72554663933
645.830475763187
-9380.67583460243
-3004.18434200243
-986.680082332249
-4764.43455125642
-12812.2314353959
-3250.87788529822
101.553118113417
-7873.69054938876
-6444.50389564041
-7526.09009865682
-2000.64553401024
-1270.10268346816
-2345.04680592065
5558.77363367901
7155.54583274285
6457.23933810262
-891.059783563204
-517.517550315372
-406.253475115172
209.252895446057
-9704.50788064841
-11514.4436171759
-6883.4741806159
-5039.87905227436
-10050.9515957976
-6528.07875498519
-4058.59006835625
-1244.29975502655
-4001.93552316545
-3638.10842149596
-787.119927984175
-2717.74442519192
2654.15702808994
-3718.22680519369
-5609.8996077721
-3198.76303497827
-3159.03405497723
-488.277915630606
-2248.31645843918
-769.983644753077
-3191.95343951104
-6547.7187134792
-301.233292915816
-1016.66393879491
1115.85324958675
-1523.754135499
-895.937604761546
-6310.8176158398
-6248.47532370862
-3592.79834115256
-4287.88790280518
-5280.32105156247
-6970.49220146892
-6871.94843974292
-7664.83002582458
-7528.2059093231
-1565.29967841016
-1120.80926670828
-7185.33788755524
-575.687621507645
-4169.65229840166
455.683126439538
-504.395387484076
-2687.6118760231
-2177.51154851278
1883.8840289102
-412.262473052452
-1968.02724405658
1441.77921504607
-3430.4934280749
-6812.83946299796
-112.192961402286
7030.22603172002
9184.39030197631
5885.15413937433
-6813.28712107135
-8126.97735147349
-108.568265743794
2767.34103221581
2731.68976096093
-4140.13929925876
-3223.8203433202
-8137.72372932711
-1376.33050302282
-558.835632633904
-2356.38685304657
3107.83468062881
-1102.70187985822
-3719.58071497241
6117.12427984037
3981.64150041927
-1140.49496834889
1423.71252109582
9425.72038074416
2152.75767685329
-2080.21248310268
-6141.65383981183
-6372.75826253579
1772.65001753906
-741.042387429423
-1717.47611852384
193.638835564348
1737.73935190119
0.353665476934111
-6752.25565924833
-11393.8687497056
-1114.32963085551
3298.88070230947
-3226.11621987113
4909.2316124336
2682.66148181109
-539.757679719656
2637.23522505938
614.403698093149
5909.73880395472
4638.91359777914
-82.1885633284667
-5276.74809909191
453.200356825969
-7877.19970288613
-3800.77504081164
1503.37658519166
-2819.70703939514
-5909.01660315159
-12716.0351818325
2034.27137692804
398.427944000824
-4051.96072724959
-933.780166901954
-470.264676783752
1854.72589213635
9993.8722409435
3182.05054334301
-1605.09396922087
-5447.20867236471
126.7220044233
-2765.5484423872
648.680301660827
7162.50587149911
38.4793024952822
-5149.57374923272
-1038.61172637396
2375.25481831926
-868.892503831464
3449.03132094628
1327.88124892247
1289.89835999619
8374.52315683318
1747.858526559
4422.46547903541
3263.6029427262
772.130783876923
7708.5565030157
-5099.79822259653
-3391.35935801069
5679.13611926544
2229.33700964565
4775.62854339715
-2215.92045766456
-231.610092212618
1679.64638763238
4437.13144007505
4056.84063370982
4624.88246287174
5722.2244646909
-103.148569207102
-3112.5390250391
-3414.1891386021
4683.98215551665
12149.0531151421
1557.3121187938
1347.1834116245
4677.25848803682
2691.0859081012
813.481609525558
5894.57527560454
-8881.00911693423
-7597.92840089936
-5366.64134335198
-1487.53884211943
5057.95812900797
3477.09076791676
2733.55191859187
-5773.43309139006
-2856.04638469198
1724.13345964984
-3429.62122618135
3661.92357365442
6438.11211674522
-2094.19248776013
6.25057956870575
-2420.85969205512
639.75313213397
3744.5254162682
2007.72152187549
594.749560192535
3907.96778582681
3562.0476493443
994.582378766203
2482.46989445467
1477.2432226015
503.919057614942
6652.1009063023
-1927.1097203383
-6542.82656261383
-54.4048942128109
1623.98522019003
531.70725551638
7830.4957794469
293.682316628462
-1174.38114742417
-152.535504610096
2633.84687038472
-5463.41699616845
484.182352312067
-1589.00360206852
-6260.43457117628
5689.26511238005
-66.6849672630208
-6798.55458074665
-959.829143032273
-1597.63930593871
4574.37781813297
2016.00058540014
-6815.24317775855
3783.79346212998
2024.57213470432
-139.411144995903
-757.766208271547
-2336.69286290468
4785.3858845072
6456.84340191165
3004.26039825154
5934.20541164217
5888.11343095557
159.493226513122
-2965.95216586382
111.534280153449
4211.69513604102
-3850.59144016924
2273.5589413171
-519.555430135617
-6177.78582109018
-3592.78458719351
-3217.04409146243
6120.74067644049
6371.70829119379
-3155.11891571856
-2286.51310126643
-11385.5737420145
-6351.11763596246
-5766.29962877039
2035.49045874951
-1105.61888686992
-3293.02312729701
-5756.33240635487
-2548.05794989577
266.55755167654
-4466.7312516903
1213.19686809774
-6169.17772376796
-6273.45116381334
-2018.63223501205
1346.86632065305
6372.33855497556
-2330.66478705338
-3920.7620910315
6465.3558675687
-3019.90991544078
1525.92762406686
2917.78437789353
7230.9261659909
2016.36229571857
1787.02924583867
-6430.18555766799
807.491482997985
3144.01942588665
-427.136018630464
6706.46673495125
5604.02169548489
1233.32608238342
-1390.50927558574
1743.90842621978
594.072854905529
-3338.64903795791
-5600.9117268015
3750.27370757461
2446.96268322475
7180.4856126399
-2610.21516615
-935.096839032377
1880.5321537161
2953.06392741275
1575.11123786462
3594.49414835094
147.995373088301
6514.23458621889
868.887105228498
-69.8405280945781
3179.67457101496
1459.44271133304
-2347.06869434179
-1682.52703767881
-5751.06604677521
2238.34638400067
-290.977143925077
-3639.04848007066
3205.31809976372
2134.95302382226
-821.270236071393
-2862.03839127083
1286.83819384529
-4728.06194434093
43.9515654088509
3407.65823381381
1182.51850283401
1680.72568853559
-799.017696501247
-16.9443682019608
1599.53877345651
2317.56931036136
5520.87054712664
1166.99822704409
2372.44974773619
7807.76650749332
-7943.90795320338
-27.6208141742632
5347.83849587463
-2811.74061840118
59.1543531345251
-5805.02365365799
715.239580819725
1326.92745573767
-5065.27659446116
195.295448192496
-2761.91566051242
3349.42705759696
1543.57046255508
-5967.17014599755
-6371.67147404861
-5639.65584621333
-10111.0666667089
1847.7431563093
-7673.42867195673
3385.00876892904
-2803.07266932414
-6987.01317314443
-10030.8713747978
-4807.97548309678
-2471.7088386167
-8862.75087024906
1568.45977666885
-6052.81978617895
-2234.60977478752
1594.82895116155
3297.56246766209
-11703.374872988
1252.06174882937
5812.01212449018
366.079684311895
-671.764751026692
338.712296954335
5107.85767680527
5888.55200967394
-1448.76460279743
-7160.22444643297
44.6676214114891
-4719.80375803331
-3435.43545733467
4926.92984219977
-1463.56986823927
-4626.90957122632
-3842.01446405818
-8720.55359661699
-6468.38663893352
196.864480871208
-893.434819963578
-3604.55292657025
-5507.03929667649
-876.835281814211
-7755.73626449716
-5276.04245750116
-11389.6573229949
-1631.31201590774
325.848411146793
-2393.52323071517
3659.11029731025
-6659.91881863561
-3889.97377486579
-3624.92800183277
1978.60248316663
-592.341903404649
-8323.95656050498
1858.831799565
2931.56637980686
3789.53013479663
156.742737158394
-3613.33971115763
302.685242075796
-4695.47599263211
-4915.00198622015
-2266.43134217639
-6518.76353162191
516.617902271536
-1341.56338351069
5768.4493488487
676.74035514554
-6733.49144881144
1274.38094263062
3412.14696908868
1906.61739476264
3507.98254676853
-2181.4755135787
427.608447908334
5470.19822028683
-1357.79790709057
-1224.33869469461
-145.618869803059
-2097.41262368625
-2707.30214606667
-5236.99852717946
5808.8897495224
-6490.85867458741
-158.782254024801
-2264.76053051408
-8383.51032799947
-2313.2555537527
2495.45321856379
1989.80017400345
228.479018803219
-764.024038003298
-2020.89784267148
-2473.63572454498
-2032.15818318424
-10452.2148547788
-4940.4570873208
-10169.3686727246
-6109.35088095447
-4917.09773176978
-2935.49601610644
2763.85759558312
-5325.7238722506
1059.38440109617
-6221.02389031702
-1138.69131500899
-38.3043387418998
-3202.9668013865
-3685.88930531849
-8976.32589521226
-2939.77992024086
3721.20544308889
695.860783090116
-928.373529510782
675.001090914571
1528.91538047086
-800.365798180301
8353.56723111331
-2459.52471571547
398.191214618292
-162.504484395259
-4371.00484276963
2320.80932245358
-4797.89027472516
-214.239619989358
-36.6599951972336
-368.822070753307
1873.71499555217
-6779.66617921141
-3169.03191553694
-1450.34433752848
-6878.61166649742
519.671074811141
224.980039308162
-3425.41181909359
-6212.74670597461
-144.18793424912
320.853456215121
-3564.79323278614
1215.34549903168
-1537.05321675492
-2796.45097104254
420.035148033252
-4178.30046287925
-4857.9855154771
3780.71093793673
14.3727655148725
-2759.13945674144
5276.55185807576
43.2863663108111
318.649186725966
9346.89019006797
-12719.0727666759
-4177.11554856829
6637.37998860567
-726.382868972731
683.967310441732
6654.36188764714
3106.8368968018
-2125.6285411621
-1205.52965401483
-266.04424264079
1154.76101881663
7006.03912826755
8138.5069077199
-2246.06047024093
-451.163982003697
4927.43890163134
2426.8045643811
-514.548896941457
314.0437466857
8290.64787523272
-289.4111119676
-565.607487114616
782.243304144373
-891.552593293013
-4240.38303576429
782.773141603833
1295.4400919423
-8434.29295441745
-1791.78771122112
937.548809671945
-2002.65490372491
-1308.78409357807
72.5945212736265
-3097.46967672303
-4334.430686549
743.417708583061
-1285.4874324989
-3627.10628060253
3171.47438782087
-5833.4333802943
-1595.57691844
239.995914556117
-7705.78638709187
995.673940090923
5045.60204221069
2441.33970700388
-7318.71504764628
-568.234274338808
2200.11004779584
2127.62489870747
1996.79387668705
-2233.97025352454
1161.77215956422
-1706.43809498967
-4535.66962533665
275.563583032149
-369.642117036357
2783.38344845039
-3988.76971462903
-3742.35503109113
-2973.16982531119
-1054.66036403123
-7498.3763313215
-3416.70828130287
5185.59783170076
7022.6522488474
-2231.13799312899
-3036.12896401696
-3352.22581788413
-1262.71815437685
8327.47722088023
3613.60097683182
2565.89361228815
-2638.35371408255
-4101.76334932292
-367.428948238577
2587.70732408111
4288.38556123889
300.855483069561
1809.53922017233
-1280.14659627832
3631.84100942218
4.3924316495295
-559.155284246166
-4791.91927754822
-2779.63267954683
-2742.72416825626
2928.85981550869
6361.44239017475
5665.87293806908
659.058916237802
3385.01091818292
614.24143065833
-1679.96128467331
3641.39783887816
-502.092302325394
3694.78876582912
2078.46123981576
-2706.58489500862
2878.42037200541
-24.1478011831155
-1363.25466087125
956.63509595051
-1662.91476213776
-735.704529845846
1260.22806632678
2127.44688871839
-1396.8649257884
-1381.78561709648
7279.69019558003
774.0691447574
5339.93623805589
-2980.6771612437
-6896.20554912192
-7065.41407972848
-4803.5062648691
3157.24450298445
6850.6863712026
5195.25362816746
-1062.37444597454
-2010.05229852263
1857.38806653234
-3021.4640441076
1823.46885498729
1711.59967277528
-5227.71445458816
344.886777218868
-914.620153609428
-3691.96073609774
7883.86295170604
5100.11741818417
3614.21752264253
2031.85795764402
-242.603659389459
-6276.85709984599
-475.745971564955
153.248357483751
-638.161344191192
462.713577430211
6656.32857560835
-1294.79023834365
1508.9792681718
-5270.96440185281
-3660.96867791046
-8307.06860854717
-1909.89954297341
4642.85518636149
4035.17117921997
-1918.86857098171
765.079428439056
5679.41185865581
-5924.79328262461
909.377329174129
1222.68643707776
-756.043956207494
4677.48478829533
2695.56479806279
177.568396000753
5755.91651559027
3407.11421769276
10714.8191212696
6559.47586217035
1454.94119001224
-743.19181420057
3315.61974419271
7885.16712070684
8951.32986319649
1235.6674776819
5894.97325230723
2440.88781733622
-354.775557209587
-4548.62435469709
-1221.29941774959
-4989.4801930567
7801.01299176201
2657.0993755464
7125.19062025551
1163.26285491024
725.443731384558
891.122136762455
2010.94125649353
1134.66670848829
1293.21798947432
3355.20315170612
5563.70145658279
-925.684806588121
5784.43042786267
-112.977974437087
-597.830586752821
-788.571939711055
-4226.46534515579
-147.638770088668
5150.0491995498
5165.91911519742
-2246.4907481385
3941.30066559
2437.73731189014
1582.9784422017
4298.8264806549
4974.67376630421
3977.59514057258
-1668.17117135928
-2070.89566483447
10252.9344888445
1051.88781888959
1193.39451558211
703.247784082102
-1090.56681856113
9062.14411349547
2875.60812925434
-2660.92508450147
1134.71537394136
1920.23711989997
-2995.10027425351
-3825.99056111874
4896.66876268658
-1579.43062137325
-9249.39529931664
-1582.86507454841
-1956.97776100179
-2176.56273477996
2559.94143530908
-1286.73530037482
-3281.15047915072
6382.15470301867
-396.34204352305
909.996214448604
4229.6758482076
4444.28472663804
7800.91102870179
8421.80230976177
7094.2353626916
-931.301471007242
3862.33413461501
2920.40671216293
-5949.53623062455
3931.22192230976
1978.70419687844
-2649.09158797673
-1204.60398728677
6025.91622964197
2624.67851118668
10477.1658537439
6751.83759420823
67.822457140664
251.654335188243
1961.47772629774
-2110.12615243018
6345.16899707322
-743.292320066916
-1311.65456275132
9166.5555831662
3255.56556508323
2502.54721895504
1323.01228198829
2345.81481056807
-3090.00922212509
33.44832641879
-10442.2555229374
317.022552478488
38.8216277306311
4015.89811040357
326.350760865359
-5586.30510097125
4765.62271054626
7531.93519755376
-11933.5647381237
-1858.08695784754
1179.20877377251
-6886.30996341978
1675.59638800328
-836.932840041788
-2046.92268573041
-9632.20382768465
-12023.445816143
-9406.6882689517
-4860.23116685924
69.7709031331003
1899.50330515848
6098.64196811648
259.741150684967
-3376.8343105768
143.541333649743
-2070.04260793856
1582.20103355509
-2229.56662435038
2021.03095011793
-652.987715429291
5674.04573965553
-481.414339831984
-3915.78212320298
6949.96875334345
5750.06687370821
5378.37924742972
6238.19242007092
-6346.32424173977
4405.7093604686
-2538.06326333986
-5761.05995902064
4889.05294603943
3351.64211906868
4102.8516022359
-1010.99215074875
4676.52047476485
4457.57827947626
-6425.52121064726
1513.55894553697
4679.75197161623
-10908.5042231066
-5342.86354761848
-5929.23446675699
-1955.76244120946
1785.34205363078
288.277131025901
1415.52180448973
-2923.73043472079
4548.83746540608
2826.81909891205
2991.70134419367
950.407716797874
3232.44909224404
-1827.92670814024
2805.20400786792
-4003.77515787045
-2002.82170638633
6154.6266221406
12743.0953987313
4271.99059350225
280.393414724286
2565.99765587441
9644.33680457417
4134.17477326067
2331.5748754551
-2514.36046001032
2863.43373779578
1234.70029316426
-434.936867288766
0.306364752345871
-181.991960764765
-1149.52472023519
833.738101509401
4644.26716367481
8130.35264342966
-1692.32977083694
-1237.54810259656
-247.79002367345
-1926.92765138113
-1417.24412071738
9187.11860506207
3131.55123895699
3585.33515054389
762.628506631907
-1132.28862973203
8793.44174725079
1236.55525474048
2928.57012568277
-1894.93032523683
2307.79735471085
-2417.81910953889
-777.723814360087
6130.57810168549
-3566.48416148768
-2210.67062649389
-1313.70302743071
-2806.33665330989
7391.70707730956
-1546.52614021811
-3655.24821542849
4586.90438580477
-1826.15702560684
-3065.43185393697
102.746302375356
-1019.93649821949
3716.55804133208
2097.40254362732
556.792764421415
7859.16018899807
5654.64184819659
1481.15545046289
6625.55160338388
2702.0098686286
-4275.74294221214
-4251.33325609704
2268.7666605958
6712.1389282049
3349.87742672106
-1428.29384138814
111.557479808554
888.143323078821
-2876.04418824792
-9599.95428921235
-537.303434730885
-2613.11080584204
-2200.26215474244
422.770850560088
4127.12894394862
-2082.87675537549
-3707.05413876245
2623.98061563716
3966.39965831394
-647.364072188208
-1129.36512751054
-1442.59893647678
484.504454857958
-6449.83616149752
-7069.35739455319
-2936.78880427784
-3850.5842232972
-5357.28155790039
-4811.23067814223
-4744.04427805349
6515.8604454792
4403.17000778937
4604.18766774845
-1717.84731967328
-4362.21536883915
531.919138215149
2528.22895818128
4034.24121454796
-8485.64612298099
6738.87146330779
2537.60822465703
6669.64646813252
1333.23535243398
2442.77937244575
-3706.61968781429
109.389215406721
-3482.72402688382
1257.60650590999
1387.41606853992
2511.77389527472
-986.175005250598
-5756.21292282659
2296.78675747715
3419.88891980492
748.998673509312
-1824.79183132002
827.857847916708
-8072.32244062936
1730.41820068571
-2991.32648300426
-6088.70996506399
3913.88949681035
1307.8290470441
-6553.88326871367
7635.7848462278
-818.367852085623
-4386.59234511391
-348.427762162161
5504.77237103559
-2262.76291521609
-495.798689382418
-1514.10997209953
-2674.77573642875
2464.45484238559
-1018.64594974486
-2503.09847292038
-4370.74872912741
-418.33915952687
-2505.14975702477
3149.8671454677
5022.80993122224
1295.90297243
2203.78915403875
3922.10462067329
2624.61624182989
2592.60797529906
868.513275879694
6949.55172716788
2143.23167692109
1712.15763024854
-2000.56285508233
-1605.55675683327
4001.9208470417
-4323.97524244982
-4053.70561290537
-197.782359703505
-1030.86144881757
3677.21437625841
-2020.07876127896
-3923.40672651543
-7472.2168132586
5164.23235530304
3899.59179332651
5729.83473681116
618.945449136666
-1899.73980026429
58.1424239537717
528.847944320706
-9172.99618121616
-4715.18477150214
-795.019855990918
4034.5811903587
5273.83164375977
4870.02912943032
2371.78471210226
-5284.98658713223
-10083.0139918144
3177.66486131748
2015.59641771922
-7888.83823557146
-10903.564522302
-6190.80751915119
-4566.64353847362
1696.06312478939
-1192.49570140386
-2303.38485911135
-308.311067089019
3332.32637726464
3865.46507000333
-1725.58865926985
3834.46314559461
-3069.52963489941
355.084813057412
4891.33237043557
-5960.69317390051
-720.616014742156
-2016.35359340535
-1800.74465534621
4841.86711677185
-928.433113398473
-6706.72192750349
1013.43490875783
6376.43724349573
-2192.33931368748
-7640.57038352549
-10138.4174310236
-537.797896753067
3514.23730744532
8308.76591432117
1459.51006032366
-3063.04445338394
-4739.82034980892
1840.85581080369
2217.36494914459
2747.00645667719
-2033.56377461864
-3385.79468945242
4827.29116625951
2970.64016286661
-5624.83796455113
-2054.51324635159
4929.67765570282
-1286.58395890739
-5324.79206395917
-6874.26286878449
1730.82103629145
2784.66086651631
-267.791885225266
-10241.4791067514
412.946360311014
10043.9401294215
7907.93582554324
-2135.48647033061
-6108.61875149552
-8615.16758130618
-170.28901608574
2647.9830720794
-5449.63879047632
-788.146365755699
7548.75447249457
-2508.16083544116
-4194.33417095856
-1696.96683183315
2628.85826967103
-7263.62981390033
-2103.08354525933
7273.19710711813
4235.20008555809
-2570.71676585454
-7470.16604248549
-2745.90637630152
-5811.49822548335
-15485.9048455922
-3499.52176291082
-4657.33995780686
-244.185347022606
-298.387985608724
-3805.01825756072
-3284.01391322865
-5677.11633444779
-2474.85587716969
353.667387302634
3131.99962615829
1713.70330765194
6852.37784186404
11210.3300649724
-1133.45493800297
-5338.57490434649
11769.2751202105
5902.08121061895
-3171.14083438089
-3505.74923184343
-385.920666123896
2853.0869420033
2563.25697090512
4753.4407113751
-6341.91062023592
-1135.60337372738
-1933.7406260324
-2156.22200185939
2224.72226519244
-1238.27115792115
-1752.72505718131
5567.22465743793
2387.14264885211
6981.60037119295
208.930520768689
-7233.71641735569
-3946.21227256515
618.263479536424
-659.008200921562
-6111.95456646113
-9297.68000462489
5020.36896066166
2088.33873680872
-57.2658940599167
139.745095762185
-2160.45342260967
-3303.89338025211
2297.49771065476
-5082.09273776029
-4825.27445205467
2149.00058926085
-1502.58823998799
-2403.76016916232
1138.86896469936
343.217693119662
2266.60079619471
6.74638427396712
4195.41294759692
1479.84670617656
-5985.85493243997
1123.2177510711
9957.50308798988
1688.24073314195
-3594.28889633445
-2558.77913233166
2172.65924549791
2574.18114814941
4751.57232922293
2965.93049415508
4807.05287959558
-331.448175612352
2369.13079385466
4766.09005686321
3989.04434941408
3133.72953127787
9845.56960836785
2545.69389658343
-1256.91044277654
5833.25527999073
517.952383749246
-2152.17150516851
1903.78281218353
-2443.26769573578
4609.19296698832
7127.49058104912
-2934.52938518199
4809.47016213256
3404.79761878686
2859.03015268349
3646.17075895615
3065.30637110809
2173.18245476969
-287.992470833207
-6643.93720551905
-1290.85278647789
-5918.05913487283
-2477.2517280203
4721.30443624913
-872.639833481868
-307.883091048053
4610.77650695157
5950.37905816313
-3539.52277332545
-6945.83720380285
-7330.32178736937
-6940.98558011617
3244.57021426235
-1462.0381380683
-8193.41384738362
1803.78603888194
-2313.6899670109
-4062.83337244877
-2179.58098636521
-1995.98547689488
121.003873188616
86.7524008412993
-2572.99164169424
1963.69754324042
1669.72407903724
1411.77530681754
-5632.70999490112
-2458.86754775388
-429.737582608064
5278.48119059876
-669.346592460274
-2730.66438771911
5846.04933199951
9176.40219410642
2488.2646122801
-3236.30186949592
-2084.73772590538
4914.77901609933
4081.62409518372
-6152.6403904146
-2887.34242873181
5060.66645270877
2068.0574826884
692.398963886957
1942.76984541384
2640.93283052355
-1145.03898479473
3628.95782359113
-2556.13970224992
-2640.32607343404
-2623.06507515776
863.530538489312
-2698.0242467172
-5100.12208258256
-2424.4405033574
-103.469882126569
4535.9180146664
2774.93184389587
9439.48854050189
1319.23496774797
463.155646401212
-367.063754525214
-24.6630362620717
-5114.92613363516
-2192.8408059032
6693.61744904761
322.204408188992
-4817.05783560342
-3405.44447222183
1082.52447008231
2811.37396670869
4146.392178335
2014.74387122583
-6733.9190185871
3786.48744437043
-3691.88866238576
-5284.30107616689
-665.683419324155
-5809.79343924262
-2437.91878693851
-3423.69499996186
2868.14750458748
3334.52399435535
1781.31238473858
-1746.1521913327
-1200.428558726
-1416.05428724358
-1779.06956698227
2447.5890455978
-548.405461694858
-3008.66693702786
2423.51303075985
2875.07770855913
1922.60568510787
6003.95690810928
5303.0790759694
-2105.49037039124
-836.601384761355
-6186.65824317951
307.367990916448
3381.40684962811
-2825.15490844194
-2466.47419130411
91.3637142963753
-4047.90100714152
-3782.02399928053
1338.33660054626
-7801.86963204555
-8680.84713673979
-6286.1566092623
-4215.71102530387
3550.49287229314
-2426.68241814503
-11138.4826703413
-1963.48156799401
367.878082961712
-1601.00259139343
-51.616504137721
-2461.4406850927
416.301412805918
-529.630587341999
3081.33155116114
4080.16133857543
-2712.65726853384
2497.47516701996
253.216393200902
-3045.5509008932
1492.24049725418
-1021.25129245681
-1641.48738420026
-5566.48144659716
-982.111779544717
-4859.02921083217
-3158.13133714174
-4784.81539467933
-7607.04646893715
3195.81240477457
-4853.14067063916
-3675.43328561507
-2858.02523226262
5674.77069290857
4070.26245244482
2652.09016594363
-2032.82022342666
3408.82712413312
4446.1712431725
-505.179122940612
-2839.83951156346
1255.19521644465
5951.51057359561
-4543.72829422499
-3804.43637695931
1847.39847264145
-230.905808490212
-2455.07537452038
-338.788592165515
-312.120001641077
-7211.44159214555
-4524.62325571257
-2657.91767144335
5103.02186315681
4263.11647174051
-2698.22647902438
1213.98101326579
4332.62930243705
-3376.6313978968
1438.50724612796
4475.17358242736
2924.47888914701
4852.40545972517
-2736.83706250657
4975.01976953244
2936.65684593661
-489.438780535643
666.948410215755
4389.33227421946
-8917.62427534746
1481.96390591186
5274.1160781742
-1483.36839588063
7664.32510631607
855.950471432046
-5320.67747567999
4129.27498732656
-2536.47040142597
-2769.69328015502
1594.18988136473
-4598.4841916109
1532.20955253982
3720.67211745821
-7548.79720696792
1414.10021945921
2843.93524551359
-3710.65728634732
2965.18012720658
832.830414075192
3725.55096971087
4429.17562370877
-3026.39019168427
-118.53549867342
-59.924584190303
-612.607175878506
-2613.86988851068
1838.00204449311
-1477.92240023508
1232.10657010083
-3206.95580220846
-3676.53810436221
740.703921165125
-2440.99327494034
-7573.47824632544
-622.352032269871
1977.31763828228
-3862.75788247478
4510.00603182968
2407.68668508439
4080.03008535216
-451.971961457785
-721.064716768148
2332.91853548586
463.76694483911
-783.990192187961
-443.476787608318
-1808.59320659531
2470.07947050349
-1051.01193851633
-4681.94096850371
-1497.67918958846
-2880.80696232359
-1351.89581217679
-3888.15143050309
-6366.78819106956
-35.3941353756254
-776.661826387746
-2680.42509228293
-1570.14726944345
-4183.91683968401
5266.0351161462
1875.7894089331
3008.77595451907
491.896829397285
-2169.15104503861
-2102.58630061033
-2917.2732396655
-275.46262444055
-3626.12069098026
1237.44035198841
3051.53390765449
659.012846991105
-2114.43193194193
4335.70913265455
-9759.33007272159
1729.87565549849
6692.17455357514
56.056239846647
4183.49355374006
-10.6518759362582
-757.268231412667
-6166.11504412763
-2404.6738333129
1937.78638364026
1682.06903636524
-1161.14339586059
7256.33167962473
5096.84596978576
1626.96612739619
-1434.98539075675
4709.51434382278
1967.6362469351
-291.147393156336
1960.39616964944
3551.1252459122
-386.274589222956
-3831.63544078984
-2577.80850915158
4813.86475292443
3054.28387170075
-2214.57845410742
-1054.09797346994
-3777.257857539
-7652.07430380397
-4972.93924457294
3337.97109565193
-2500.2985876532
-405.157205174631
-329.963190141971
-537.082555922646
439.915945849261
-4336.74853303758
-3572.90288296558
3637.89432970211
-2514.68920090659
2577.45286665243
2107.37836585428
-2867.56537883844
-4276.0064250557
4078.24015905445
-243.878751747412
-148.480589233559
-5700.89647472777
-6092.5161634528
-3497.44607006488
1945.74489427335
-281.533745144374
1428.41714308806
2105.33396223283
1358.14719326917
893.156360516372
-3750.96005894692
-5282.72515753191
-1753.12378361631
1939.26624476676
905.972688993003
-7109.87602512498
-7396.0366387978
-6857.34196316243
-1513.89294907578
-4788.15198036089
-3296.43127202965
2136.25216850216
-1133.16985656556
21.1758399671032
6232.2297317177
-117.850543516465
3748.96450634485
-318.298369503219
7507.9058272224
852.41221274688
1593.61178783885
3915.07596374937
-2608.98249419699
-531.429178534584
1470.90090780606
-3259.5681445706
2951.73909721662
-1786.6417861487
-3567.47623298248
2544.75130583781
-3553.91823906978
-2499.83828813552
-25.6946777245197
627.021226860779
983.889317772443
-2950.28035032247
-6944.41008526666
-503.003919597906
5584.31928992336
-2176.74731384093
-5459.60694318398
1500.62530025073
-1273.02394908213
-4401.03043266051
3564.55357749425
7273.04766334313
5853.53195265594
4866.46796349799
3928.8546564861
1678.73019485723
3235.50741687204
-84.8594200834953
-6097.15034238425
-672.077188142813
-1380.39541815002
-1280.29725424455
-8533.61340918084
2075.04451041256
5348.81368344653
1945.21937305991
-5980.81316124495
-5866.14353773722
9124.01181999022
383.841689104863
-7753.86746152192
-2696.82253063052
6020.31314759225
480.82109497135
347.119136580677
-329.670835677039
1093.09829608481
-4176.18085874748
330.713834893705
-1388.07258926699
-3961.0331052245
1756.28145442128
-144.684306052721
58.8968500203493
6071.07432664952
-4498.01222445643
-8672.64226491258
220.697634035214
-3265.13412661936
-2080.39407039472
1502.16543307454
5866.56272933775
5313.07061456773
2096.46380994894
379.057231142139
11064.2477456352
8578.40314029925
10844.8878616763
4723.26971961821
-581.927818249819
720.760496612774
2203.17210547565
2011.88435076688
-4587.82924653928
-2846.89337026236
-1140.27686226751
-4342.97128312356
1177.85250788204
3167.32342449981
3979.44935080793
3844.08610305901
-1172.65124749393
-10261.2466116654
-5869.2771849516
141.635541426505
-296.713003699301
-2457.59656853458
1558.37372576871
1338.7655238095
297.720484581223
-1225.94341511173
-3918.39784789076
3361.89064082559
7047.06831657149
-2610.54645231105
-4450.58176817906
3300.08110051361
7077.31822485288
1671.92320329943
990.018156246895
-1239.15737954011
-2602.9653591508
6524.95816906625
4554.81476117856
2962.69915101419
1844.73402537888
7945.91046266663
-8365.92198784409
-9828.98393370549
6157.95722594434
618.534437802614
-3317.0572570149
-5701.31091144575
-4903.55926893549
-1034.32833848964
-644.144279817489
6336.76767022147
5421.03938010978
-1.16594821070157
521.855871129901
-487.432562989416
-7778.62245688175
-6606.56405775607
-3362.31850484744
1036.75868595845
6949.63006068737
-674.492155048939
-4460.27913610445
2041.61478463017
1529.02889991444
8821.51062957307
4414.1597653238
2511.37099912375
-4388.55815139755
-9662.26400647187
5021.21669047527
3737.72926072377
-10048.3444632223
-9943.6840682232
1167.78980687501
-481.854386026013
269.448960398349
4983.81749952355
2556.58601550812
2155.32190216701
-3888.02815235518
-2056.78820154111
-792.345231834297
-3285.51109314692
1091.58735826482
2256.7764744844
-4787.1101992974
2912.91577340418
3748.86515657377
2027.01215492168
-6024.07680865809
3165.74494768177
3933.30126188827
6925.77827224711
5108.84404461471
-3705.17168481059
-6979.03931649622
9164.87585467158
5854.69743927754
2086.12411712559
-243.734968022177
1525.52749345268
1847.34740760702
-173.98951195827
-5654.57148082343
761.776129251832
2505.21164866133
3916.91097250349
441.323868472761
-187.885148135309
-8726.11861258323
-799.127565946966
-2414.28684453067
-5374.57818054329
-893.92163527318
1811.08714155438
3742.77466737915
2112.85373940959
-3348.58884719055
-2433.04604742809
2789.05923243996
4914.81386917776
3758.15243358193
-1477.93896919514
-17.489422280895
3988.6045698268
-445.104710225877
-4679.44173587505
-2397.60157391195
4881.76682003808
-2024.55296932814
-2780.28844174703
-3933.15872580991
-1171.42715551882
-3167.0400074416
-2514.31187413796
989.019793093567
5114.40538640832
758.611837218544
3677.19696807504
3726.78222125357
5043.92066915574
3974.34674002118
1126.97064582675
-3012.34060124055
-7763.51137144326
-1170.18427998505
559.067529869833
875.856174761385
-1089.63753351848
-1296.4160009194
-7797.89273680481
-6938.98165435957
-1199.96552354897
237.33598678829
-7.54270508297586
