1.000000000000000000e+00
9.950985119463168216e-01
9.902210090223130257e-01
9.853672730923391798e-01
9.805370215951951796e-01
9.757299091586789652e-01
9.709455291904964813e-01
9.661834154459824076e-01
9.614430435731239344e-01
9.567238326354194911e-01
9.520251466131439688e-01
9.473462958836278425e-01
9.426865386811903447e-01
9.380450825374040402e-01
9.334210857023909069e-01
9.288136585478876661e-01
9.242218649528389784e-01
9.196447236723022112e-01
9.150812096904760162e-01
9.105302555586809454e-01
9.059907527191453092e-01
9.014615528154621416e-01
8.969414689906074489e-01
8.924292771734185781e-01
8.879237173544496375e-01
8.834234948521318964e-01
8.789272815701759667e-01
8.744337172471672304e-01
8.699414106993066387e-01
8.654489410572632213e-01
8.609548589981033118e-01
8.564576879732685999e-01
8.519559254335787868e-01
8.474480440522295099e-01
8.429324929467648664e-01
8.384076989009922043e-01
8.338720675878134037e-01
8.293239847939339882e-01
8.247618176474107443e-01
8.201839158489909742e-01
8.155886129081839631e-01
8.109742273850016892e-01
8.063390641382893742e-01
8.016814155815543685e-01
7.969995629471920973e-01
7.922917775599864765e-01
7.875563221207502185e-01
7.827914520009495725e-01
7.779954165491382856e-01
7.731664604100071392e-01
7.683028248568295471e-01
7.634027491380613872e-01
7.584644718388280360e-01
7.534862322580047067e-01
7.484662718015638871e-01
7.434028353928413546e-01
7.382941729003327236e-01
7.331385405836035041e-01
7.279342025578602327e-01
7.226794322776937118e-01
7.173725140404668688e-01
7.120117445097805531e-01
7.065954342594099602e-01
7.011219093380597345e-01
6.955895128552420648e-01
6.899966065885375643e-01
6.843415726124451037e-01
6.786228149489847983e-01
6.728387612401589557e-01
6.669878644423293812e-01
6.610686045425063773e-01
6.550794902964984789e-01
6.490190609888020212e-01
6.428858882140568998e-01
6.366785776798317142e-01
6.303957710304315398e-01
6.240361476913660610e-01
6.175984267340386413e-01
6.110813687601513999e-01
6.044837778052544186e-01
5.978045032607850473e-01
5.910424418138794378e-01
5.841965394041527260e-01
5.772657931965752276e-01
5.702492535694837494e-01
5.631460261166950643e-01
5.559552736625977820e-01
5.486762182890220219e-01
5.413081433725945857e-01
5.338503956312053988e-01
5.263023871781190577e-01
5.186635975821786149e-01
5.109335759324561410e-01
5.031119429056131187e-01
4.951983928341422980e-01
4.871926957735656094e-01
4.790946995665733010e-01
4.709043319019866614e-01
4.626216023663384802e-01
4.542466044857632612e-01
4.457795177557929978e-01
4.372206096565607880e-01
4.285702376508108702e-01
4.198288511620218433e-01
4.109969935298493637e-01
4.020753039399982964e-01
3.930645193255377645e-01
3.839654762365771745e-01
3.747791126751243151e-01
3.655064698918560340e-01
3.561486941414356289e-01
3.467070383929189981e-01
3.371828639917088810e-01
3.275776422694169354e-01
3.178929560979194546e-01
3.081305013837991047e-01
2.982920884992902311e-01
2.883796436457649603e-01
2.783952101457204953e-01
2.683409496591593335e-01
2.582191433201833086e-01
2.480321927895589307e-01
2.377826212189508015e-01
2.274730741224651465e-01
2.171063201510926854e-01
2.066852517655958787e-01
1.962128858033450329e-01
1.856923639345678390e-01
1.751269530034597066e-01
1.645200452495642618e-01
1.538751584048299315e-01
1.431959356617353574e-01
1.324861455078711336e-01
1.217496814223798102e-01
1.109905614296594900e-01
1.002129275057707103e-01
8.942104483300652995e-02
7.861930089813418121e-02
6.781220442986012065e-02
5.700438417113496553e-02
4.620058748197970744e-02
3.540567876859728597e-02
2.462463773462142055e-02
1.386255745045919877e-02
3.124642236794504535e-03
-7.583794641557245302e-03
-1.825733347511174220e-02
-2.889045080602143170e-02
-3.947752232458562327e-02
-5.001282596914978507e-02
-6.049054523240129932e-02
-7.090477267685625640e-02
-8.124951366212830595e-02
-9.151869028633788372e-02
-1.017061455437811152e-01
-1.118056477007212113e-01
-1.218108948908965400e-01
-1.317155199320552972e-01
-1.415130953645289680e-01
-1.511971387125444488e-01
-1.607611179686450620e-01
-1.701984573012548796e-01
-1.795025429850566068e-01
-1.886667295534914246e-01
-1.976843461722938844e-01
-2.065487032325898920e-01
-2.152530991616554423e-01
-2.237908274490234828e-01
-2.321551838851697025e-01
-2.403394740095693705e-01
-2.483370207644350902e-01
-2.561411723499783522e-01
-2.637453102765342505e-01
-2.711428576083926845e-01
-2.783272873936626368e-01
-2.852921312739605253e-01
-2.920309882671963675e-01
-2.985375337161595977e-01
-3.048055283950793504e-01
-3.108288277657440535e-01
-3.166013913742192765e-01
-3.221172923786047027e-01
-3.273707271977079336e-01
-3.323560252699078732e-01
-3.370676589109081189e-01
-3.415002532584729411e-01
-3.456485962916555077e-01
-3.495076489114276042e-01
-3.530725550690330672e-01
-3.563386519277901288e-01
-3.593014800434918832e-01
-3.619567935479622300e-01
-3.643005703197623735e-01
-3.663290221254671408e-01
-3.680386047143847650e-01
-3.694260278490431593e-01
-3.704882652532404119e-01
-3.712225644589391971e-01
-3.716264565327890845e-01
-3.716977656625807813e-01
-3.714346185834763170e-01
-3.708354538234262532e-01
-3.698990307467713290e-01
-3.686244383746402065e-01
-3.670111039604015968e-01
-3.650588012980999775e-01
-3.627676587415121223e-01
-3.601381669112033168e-01
-3.571711860667379224e-01
-3.538679531210202067e-01
-3.502300882735914778e-01
-3.462596012396207956e-01
-3.419588970512596471e-01
-3.373307814080364619e-01
-3.323784655529971044e-01
-3.271055706513997241e-01
-3.215161316489132948e-01
-3.156146005864690629e-01
-3.094058493491795292e-01
-3.028951718270446181e-01
-2.960882854655534913e-01
-2.889913321847197292e-01
-2.816108786455974733e-01
-2.739539158438882294e-01
-2.660278580108867974e-01
-2.578405408027131807e-01
-2.494002187595532605e-01
-2.407155620174627197e-01
-2.317956522562166222e-01
-2.226499778676491181e-01
-2.132884283300076345e-01
-2.037212877749507989e-01
-1.939592277350435656e-01
-1.840132990608557007e-01
-1.738949229981390232e-01
-1.636158814169587639e-01
-1.531883061861641360e-01
-1.426246676881331166e-01
-1.319377624703733098e-01
-1.211407000322531069e-01
-1.102468887469188336e-01
-9.927002092027953362e-02
-8.822405699086123543e-02
-7.712320887627646671e-02
-6.598192247409481737e-02
-5.481485932696741198e-02
-4.363687746401428980e-02
-3.246301143263593397e-02
-2.130845153718772048e-02
-1.018852230317934468e-02
8.813398119645501471e-04
1.188560943825826138e-02
2.280869601685839992e-02
3.363496819999966386e-02
4.434877889657400790e-02
5.493449093037339193e-02
6.537650327551720875e-02
7.565927783117973315e-02
8.576736669526487111e-02
9.568543989423738960e-02
1.053983135239274921e-01
1.148909782536979840e-01
1.241486281440457723e-01
1.331566897253461945e-01
1.419008512832211355e-01
1.503670922937553334e-01
1.585417129496773381e-01
1.664113637164974513e-01
1.739630748556436068e-01
1.811842858496895692e-01
1.880628746629958992e-01
1.945871867693532153e-01
2.007460638766583316e-01
2.065288722771780605e-01
2.119255307506413000e-01
2.169265379462131382e-01
2.215229991683811961e-01
2.257066524909133176e-01
2.294698941223491662e-01
2.328058029459689204e-01
2.357081641568510577e-01
2.381714919184879931e-01
2.401910509615008682e-01
2.417628770472603494e-01
2.428837962197208378e-01
2.435514427694852879e-01
2.437642758350699601e-01
2.435215945675193172e-01
2.428235517859493320e-01
2.416711660532698536e-01
2.400663321032637798e-01
2.380118295523804273e-01
2.355113298320401505e-01
2.325694012799498778e-01
2.291915123318902237e-01
2.253840327586664471e-01
2.211542328964032078e-01
2.165102808221222308e-01
2.114612374305559483e-01
2.060170493724306495e-01
2.001885398189803822e-01
1.939873970222424082e-01
1.874261606457133245e-01
1.805182058452120264e-01
1.732777250853097251e-01
1.657197076823988813e-01
1.578599170714296285e-01
1.497148657994772925e-01
1.413017882556467930e-01
1.326386111533338630e-01
1.237439217875482694e-01
1.146369340968300399e-01
1.053374525662604533e-01
9.586583401514583991e-02
8.624294732014124720e-02
7.649013113182157042e-02
6.662914965005045653e-02
5.668214653081781601e-02
4.667159700461988997e-02
3.662025829376913677e-02
2.655111842339902967e-02
1.648734352813418028e-02
6.452223763632515714e-03
-3.530882060776818418e-03
-1.343860300515856490e-02
-2.324761354781928330e-02
-3.293469202341096913e-02
-4.247677980745582366e-02
-5.185104109833259950e-02
-6.103492314198350616e-02
-7.000621673908803688e-02
-7.874311686929487408e-02
-8.722428326233805373e-02
-9.542890074144358414e-02
-1.033367391605110319e-01
-1.109282127530347717e-01
-1.181844387077269493e-01
-1.250872947832948334e-01
-1.316194757728697817e-01
-1.377645486271772690e-01
-1.435070060447453388e-01
-1.488323183372209924e-01
-1.537269833783250772e-01
-1.581785744460459942e-01
-1.621757857694353100e-01
-1.657084755938141862e-01
-1.687677065813426303e-01
-1.713457833677718978e-01
-1.734362871007800455e-01
-1.750341067906210635e-01
-1.761354673098624590e-01
-1.767379538857996313e-01
-1.768405329366655732e-01
-1.764435691110403936e-01
-1.755488383988711987e-01
-1.741595371922527169e-01
-1.722802871845643125e-01
-1.699171360077013637e-01
-1.670775535189668870e-01
-1.637704236616612519e-01
-1.600060318365270629e-01
-1.557960477349092931e-01
-1.511535035987888742e-01
-1.460927678876563218e-01
-1.406295143475219389e-01
-1.347806864931163917e-01
-1.285644575305382731e-01
-1.220001857641291598e-01
-1.151083655482210977e-01
-1.079105738614979382e-01
-1.004294125990226744e-01
-9.268844669440789996e-02
-8.471213820212269985e-02
-7.652577648742610317e-02
-6.815540468888556247e-02
-5.962774263572646893e-02
-5.097010641938620745e-02
-4.221032483544193831e-02
-3.337665292857821403e-02
-2.449768288925919385e-02
-1.560225256630841384e-02
-6.719351874504159335e-03
2.121972609422569014e-03
1.089271455552239497e-02
1.956400597452616352e-02
2.810721616559464647e-02
3.649405117578109065e-02
4.469665341936245734e-02
5.268770109657072709e-02
6.044050704385105222e-02
6.792911664163746310e-02
7.512840440081378079e-02
8.201416884562426346e-02
8.856322530881127753e-02
9.475349625431016276e-02
1.005640987438843337e-01
1.059754286667806411e-01
1.109692413557629709e-01
1.155287282188593029e-01
1.196385890237756239e-01
1.232850994812922929e-01
1.264561737849939083e-01
1.291414217774662088e-01
1.313322004275533916e-01
1.330216593194604169e-01
1.342047798723245977e-01
1.348784080283919329e-01
1.350412801690364095e-01
1.346940420405464689e-01
1.338392604957866217e-01
1.324814278834797743e-01
1.306269589438669165e-01
1.282841800978046509e-01
1.254633110458730494e-01
1.221764386246749906e-01
1.184374828991316408e-01
1.142621555020662955e-01
1.096679102656383520e-01
1.046738862230663369e-01
9.930084309347715632e-02
9.357108939743480347e-02
8.750840338564114251e-02
8.113794699825981060e-02
7.448617310717689510e-02
6.758072632805242619e-02
6.045033772313847253e-02
5.312471374928891960e-02
4.563441983826813791e-02
3.801075902812296042e-02
3.028564609490397297e-02
2.249147766318993283e-02
1.466099880150600714e-02
6.827166634700199480e-03
-9.769884705961332742e-04
-8.718503569234831857e-03
-1.636462505151924443e-02
-2.388295119234677341e-02
-3.124157470502326658e-02
-3.840922465692391680e-02
-4.535540709461602371e-02
-5.205054371941710695e-02
-5.846610795076211814e-02
-6.457475771423049071e-02
-7.035046429380574506e-02
-7.576863659391769312e-02
-8.080624016614591787e-02
-8.544191036816967122e-02
-8.965605903866392945e-02
-9.343097409135668607e-02
-9.675091145442310525e-02
-9.960217880768973409e-02
-1.019732105997891575e-01
-1.038546338603233976e-01
-1.052393243582098598e-01
-1.061224526965826587e-01
-1.065015199767726378e-01
-1.063763827088669844e-01
-1.057492666939782583e-01
-1.046247696534537697e-01
-1.030098524326311660e-01
-1.009138186611770599e-01
-9.834828280828901426e-02
-9.532712662885710342e-02
-9.186644405577608363e-02
-8.798447465372701004e-02
-8.370152581055823049e-02
-7.903988390363299310e-02
-7.402371473979466043e-02
-6.867895362867262876e-02
-6.303318550946558629e-02
-5.711551561088028944e-02
-5.095643118208074973e-02
-4.458765488908410235e-02
-3.804199052557929311e-02
-3.135316173933996170e-02
-2.455564452488638930e-02
-1.768449427946698974e-02
-1.077516826246339814e-02
-3.863344337640381258e-03
3.015263087089578836e-03
9.825088976766900919e-03
1.653090447142174096e-02
2.309800357969770193e-02
2.949238875441518790e-02
3.568095432947289425e-02
4.163166679209068938e-02
4.731374086469419121e-02
5.269781037689205000e-02
5.775609292011813639e-02
6.246254729560862806e-02
6.679302279061843928e-02
7.072539934801318207e-02
7.423971773069690250e-02
7.731829882457856573e-02
7.994585127191364271e-02
8.210956668067645459e-02
8.379920171496096915e-02
8.500714643604603826e-02
8.572847833342332746e-02
8.596100155947687671e-02
8.570527096026599179e-02
8.496460057763968732e-02
8.374505638427333365e-02
8.205543310272382651e-02
7.990721505176949513e-02
7.731452105762921800e-02
7.429403356360202160e-02
7.086491216867110698e-02
6.704869192310100590e-02
6.286916680642060107e-02
5.835225890979516689e-02
5.352587394005500765e-02
4.841974375588747187e-02
4.306525673732553017e-02
3.749527687697779693e-02
3.174395256488567879e-02
2.584651611775782426e-02
1.983907517706928400e-02
1.375839716851273882e-02
7.641688076956498245e-03
1.526366845900803534e-03
-4.550163242134116007e-03
-1.055074480822005764e-02
-1.643869681523962498e-02
-2.217804375164585812e-02
-2.773374209704040916e-02
-3.307190260147852695e-02
-3.816000691560474112e-02
-4.296711712358453755e-02
-4.746407675553737660e-02
-5.162370189073304388e-02
-5.542096100726089797e-02
-5.883314228808950858e-02
-6.184000715724898706e-02
-6.442392889306537695e-02
-6.657001524767858225e-02
-6.826621409307069566e-02
-6.950340121313625108e-02
-7.027544946837208095e-02
-7.057927867403053501e-02
-7.041488565338778483e-02
-6.978535405444349915e-02
-6.869684365011950733e-02
-6.715855897805196595e-02
-6.518269731549980461e-02
-6.278437612680889957e-02
-5.998154026433161201e-02
-5.679484934769947480e-02
-5.324754588988186987e-02
-4.936530488049048482e-02
-4.517606567625789132e-02
-4.070984718447270834e-02
-3.599854745631850261e-02
-3.107572893253228441e-02
-2.597639070248706009e-02
-2.073672924874025297e-02
-1.539388925130106417e-02
-9.985706118407038090e-03
-4.550441992599978461e-03
8.734829484669114248e-04
6.247762018554295707e-03
1.153447445302967049e-02
1.669635678677077253e-02
2.169707120539641002e-02
2.650146889141018550e-02
3.107584639740033905e-02
3.538819310392034290e-02
3.940842786007329318e-02
4.310862296023036666e-02
4.646321368051944262e-02
4.944919168354486999e-02
5.204628069883242281e-02
5.423709299929511951e-02
5.600726531994162233e-02
5.734557300342423697e-02
5.824402130697105273e-02
5.869791296586165941e-02
5.870589127881243457e-02
5.826995815929392197e-02
5.739546678266635449e-02
5.609108865075720929e-02
5.436875509171271159e-02
5.224357341214968392e-02
4.973371811929936520e-02
4.686029783137247301e-02
4.364719869318733209e-02
4.012090530954130763e-02
3.631030039925244035e-02
3.224644455656563297e-02
2.796233768215303922e-02
2.349266381157453371e-02
1.887352122333711343e-02
1.414213985006439189e-02
9.336588143369888709e-03
4.495471654520524600e-03
-3.423743123585545477e-04
-5.138195541042659374e-03
-9.853630746585122224e-03
-1.445102189183315039e-02
-1.889372042990003150e-02
-2.314638692862745067e-02
-2.717528155759588865e-02
-3.094854296424229267e-02
-3.443645313312709150e-02
-3.761168591117662607e-02
-4.044953699144533676e-02
-4.292813327802322276e-02
-4.502861970443521739e-02
-4.673532174625874558e-02
-4.803588205466834821e-02
-4.892136983983794846e-02
-4.938636185018183133e-02
-4.942899402362099098e-02
-4.905098312867952476e-02
-4.825761796429498679e-02
-4.705771994575095457e-02
-4.546357316793894765e-02
-4.349082430399683202e-02
-4.115835296492876411e-02
-3.848811341171342465e-02
-3.550494877325924281e-02
-3.223637917891806343e-02
-2.871236546075451451e-02
-2.496505031596015986e-02
-2.102847904142038371e-02
-1.693830215819722845e-02
-1.273146243147675084e-02
-8.445868959273397300e-03
-4.120061149055592904e-03
2.071344763083358303e-04
4.496951604786874994e-03
8.711032484494464143e-03
1.281177414391018385e-02
1.676266931628292087e-02
2.052863891596362275e-02
2.407635295835217765e-02
2.737453688856181580e-02
3.039426038667609326e-02
3.310920584908787906e-02
3.549591390510697941e-02
3.753400351476422758e-02
3.920636440621172447e-02
4.049931984769709892e-02
4.140275800793369321e-02
4.191023043766888695e-02
4.201901650202042454e-02
4.173015290513889392e-02
4.104842777318008784e-02
3.998233909549822607e-02
3.854401766429564613e-02
3.674911499646955210e-02
3.461665706476279442e-02
3.216886500518024300e-02
2.943094430057081878e-02
2.643084426288228733e-02
2.319898994552054700e-02
1.976798890918661858e-02
1.617231553634081512e-02
1.244797583800463098e-02
8.632155919113969691e-03
4.762857462400744112e-03
8.785237534053331066e-04
-2.982340101430456473e-03
-6.781549017407406676e-03
-1.048161803118667114e-02
-1.404613683382598469e-02
-1.744013493249058425e-02
-2.063043369392435905e-02
-2.358598161962049966e-02
-2.627816933813458336e-02
-2.868112097332583751e-02
-3.077195875728433103e-02
-3.253103800169983295e-02
-3.394214981942011988e-02
-3.499268929654957699e-02
-3.567378715186754479e-02
-3.598040328150649975e-02
-3.591138096927627005e-02
-3.546946094303219527e-02
-3.466125487108823178e-02
-3.349717831567188692e-02
-3.199134358843238463e-02
-3.016141338154301049e-02
-2.802841647238867723e-02
-2.561652721557167514e-02
-2.295281093837796618e-02
-2.006693774037392533e-02
-1.699086755999410295e-02
-1.375850970658027903e-02
-1.040536036124403360e-02
-6.968121820397033157e-03
-3.484307488307020109e-03
8.163183504401748915e-06
3.471375464532593449e-03
6.867831374134173751e-03
1.016085847011949025e-02
1.331501089168921591e-02
1.629645819670124188e-02
1.907335762879186145e-02
2.161620559523592250e-02
2.389816433071702967e-02
2.589535996387682185e-02
2.758714849060372315e-02
2.895634648789599877e-02
2.998942377162950798e-02
3.067665560708100411e-02
3.101223251843423026e-02
3.099432620819027318e-02
3.062511058446092116e-02
2.991073739823582600e-02
2.886126650830322937e-02
2.749055131274507832e-02
2.581608040685082900e-02
2.385877704181125353e-02
2.164275846056588556e-02
1.919505767062807886e-02
1.654531067264537400e-02
1.372541259213814341e-02
1.076914655479459942e-02
7.711789497723686194e-03
4.589699415473493319e-03
1.439888796063821912e-03
-1.700410794941169821e-03
-4.794187878364887002e-03
-7.805088782869699579e-03
-1.069784870813792095e-02
-1.343871095108181701e-02
-1.599582921625977011e-02
-1.833964809396811113e-02
-2.044325701309496895e-02
-2.228271325883037640e-02
-2.383732998508763384e-02
-2.508992554459523600e-02
-2.602703090195673113e-02
-2.663905238174595069e-02
-2.692038752949087177e-02
-2.686949242220691009e-02
-2.648889935045518895e-02
-2.578518439879703625e-02
-2.476888506868265769e-02
-2.345436870968878665e-02
-2.185965314385666242e-02
-2.000618147584734899e-02
-1.791855367090642789e-02
-1.562421804550575589e-02
-1.315312634453756277e-02
-1.053735656686578988e-02
-7.810708141175721694e-03
-5.008274440113986113e-03
-2.165997947060245132e-03
6.797863484751295437e-04
3.492813558071448422e-03
6.237351614988897834e-03
8.878658173149115915e-03
1.138342578011371752e-02
1.372020952714171974e-02
1.585983156335062788e-02
1.777575711998611099e-02
1.944443702237052402e-02
2.084561206781488513e-02
2.196257511322852185e-02
2.278238724099415982e-02
2.329604494971080492e-02
2.349859594059153928e-02
2.338920173292697441e-02
2.297114603469592453e-02
2.225178850823156251e-02
2.124246429650366794e-02
1.995833040343563541e-02
1.841816074194544198e-02
1.664409236623728278e-02
1.466132608052739782e-02
1.249778525535090098e-02
1.018373727568246297e-02
7.751382583673823053e-03
5.234416754791727799e-03
2.667571452252270880e-03
8.614043443170209073e-05
-2.474502962066918704e-03
-4.979390279249548169e-03
-7.394437677752940807e-03
-9.686914322661352092e-03
-1.182589288946409890e-02
-1.378267586820144074e-02
-1.553119163775734321e-02
-1.704835466332932370e-02
-1.831438463398357697e-02
-1.931307989836821698e-02
-2.003204116831208345e-02
-2.046284213437256361e-02
-2.060114436554212267e-02
-2.044675463753661826e-02
-2.000362363984302394e-02
-1.927978583984844840e-02
-1.828724112127121451e-02
-1.704177965180959237e-02
-1.556275225931129554e-02
-1.387278939475802830e-02
-1.199747252207142810e-02
-9.964962487671806535e-03
-7.805590075902620398e-03
-5.551414539630785544e-03
-3.235756399228753577e-03
-8.927112193808808913e-04
1.443348605340920516e-03
3.738276804280174156e-03
5.958653556104713880e-03
8.072275810036702928e-03
1.004863032833847383e-02
1.185934238569206871e-02
1.347859337834048619e-02
1.488350101662363860e-02
1.605445629363302582e-02
1.697541203345355118e-02
1.763411851664916860e-02
1.802230244872202874e-02
1.813578636841474412e-02
1.797454647499669919e-02
1.754270777421914132e-02
1.684847638780010218e-02
1.590400982692699583e-02
1.472522698179244346e-02
1.333156051194044588e-02
1.174565522161031064e-02
9.993016856070855228e-03
8.101616545433077896e-03
6.101456838665242181e-03
4.024105900598528955e-03
1.902206977794920805e-03
-2.310293340691399184e-04
-2.342342176046141936e-03
-4.398938827408491355e-03
-6.369006317501440043e-03
-8.222208201966013305e-03
-9.930158644064893125e-03
-1.146686625436927655e-02
-1.280914057679089640e-02
-1.393695466020723576e-02
-1.483375781516980615e-02
-1.548673341499760131e-02
-1.588699744877342113e-02
-1.602973445768887326e-02
-1.591426847171644940e-02
-1.554406759544411758e-02
-1.492668195387154492e-02
-1.407361578410550214e-02
-1.300013552986090636e-02
-1.172501684495875357e-02
-1.027023442224913284e-02
-8.660599518622576903e-03
-6.923350928753623477e-03
-5.087705954724063354e-03
-3.184378611648678182e-03
-1.245072888436012538e-03
6.980406629275148897e-04
2.612856415487744676e-03
4.467864458284918038e-03
6.232671879846613493e-03
7.878505844843199796e-03
9.378690021829250503e-03
1.070908632078474559e-02
1.184849443812859698e-02
1.277900237630883069e-02
1.348628189492732596e-02
1.395982374846269948e-02
1.419310855780451207e-02
1.418371023305034853e-02
1.393332999583365116e-02
1.344776022210349142e-02
1.273677852106014190e-02
1.181397366254865501e-02
1.069650614302912126e-02
9.404807318760295340e-03
7.962222113960635769e-03
6.394601312169766356e-03
4.729850342652862534e-03
2.997442263804321171e-03
1.227903307222968877e-03
-5.477201333770682001e-04
-2.298403815459390195e-03
-3.993687801042183211e-03
-5.604208943735489341e-03
-7.102214325901257293e-03
-8.462046551915985981e-03
-9.660592256084749724e-03
-1.067768579289304909e-02
-1.149646083360695951e-02
-1.210364348462748471e-02
-1.248978155478678610e-02
-1.264940571393045193e-02
-1.258111948457588981e-02
-1.228761627135861907e-02
-1.177562293715911021e-02
-1.105577075703216387e-02
-1.014239589752377949e-02
-9.053272855678704337e-03
-7.809285525305573357e-03
-6.434041714863500579e-03
-4.953437999808333984e-03
-3.395182732068709967e-03
-1.788285832159495527e-03
-1.625246392630590371e-04
1.452104422002513081e-03
3.025938292867599681e-03
4.530193662104694055e-03
5.937497156200475211e-03
7.222389470333394693e-03
8.361794012272190726e-03
9.335441250046075737e-03
1.012624074193190296e-02
1.072059377068723153e-02
1.110864058663939453e-02
1.128443746705935086e-02
1.124606010051307919e-02
1.099563118082883331e-02
1.053927152047287423e-02
9.886975440808260657e-03
9.052412639520595466e-03
8.052660145811903897e-03
6.907869324502641413e-03
5.640874154497996576e-03
4.276748160109622096e-03
2.842318392273800610e-03
1.365645719952041526e-03
-1.245186181344406899e-04
-1.599289749648814644e-03
-3.030208438871980371e-03
-4.389792042432966862e-03
-5.652066417994231103e-03
-6.793068379761037050e-03
-7.791308826868911276e-03
-8.628187399952460743e-03
-9.288350434816950579e-03
-9.759985063667571750e-03
-1.003504354383629414e-02
-1.010939324825371223e-02
-9.982889205217521794e-03
-9.659367599213038863e-03
-9.146560209849866410e-03
-8.455931341453509428e-03
-7.602440350030649670e-03
-6.604234375848004254e-03
-5.482277308095033670e-03
-4.259922313771605240e-03
-2.962436428765335885e-03
-1.616486710302220348e-03
-2.495982649325226613e-04
1.110404923156541176e-03
2.435965046508798554e-03
3.700349930508186041e-03
4.878195479740194719e-03
5.946020006528182286e-03
6.882699866509619201e-03
7.669896579551340778e-03
8.292426574437961051e-03
8.738565844430513582e-03
9.000283115726927588e-03
9.073396586095298227e-03
8.957650857375799858e-03
8.656712331398953852e-03
8.178083030424623812e-03
7.532934505442135872e-03
6.735865172987514672e-03
5.804586038102057567e-03
4.759541283162765750e-03
3.623471596710816679e-03
2.420929352625067216e-03
1.177755800590100455e-03
-7.946872990890539007e-05
-1.323989997443669134e-03
-2.529448405009343884e-03
-3.670438846305334232e-03
-4.723049885955633506e-03
-5.665370717121131008e-03
-6.477954989590076727e-03
-7.144231489205558894e-03
-7.650852758068103603e-03
-7.987974052076541112e-03
-8.149456511223942753e-03
-8.132990037874571199e-03
-7.940133104850248535e-03
-7.576268511730676648e-03
-7.050475935629556962e-03
-6.375323942088555185e-03
-5.566585892680334796e-03
-4.642885869174711612e-03
-3.625282291978807522e-03
-2.536798307732388447e-03
-1.401909225334337789e-03
-2.459982632145473651e-04
9.052073901404730913e-04
2.026207723752760769e-03
3.092295579651704786e-03
4.080104256268276761e-03
4.968124801739373653e-03
5.737181397050846246e-03
6.370854130415578957e-03
6.855839610948883354e-03
7.182241237491199248e-03
7.343782498037901806e-03
7.337938392767536823e-03
7.165981911281789699e-03
6.832944411500885967e-03
6.347490700611968517e-03
5.721711563250718620e-03
4.970838374191676769e-03
4.112886228510368239e-03
3.168233679576525161e-03
2.159148655227355936e-03
1.109271389717387916e-03
4.306623277730492260e-05
-1.014745048063684166e-03
-2.039755389191631480e-03
-3.008436728571419957e-03
-3.898683372986581300e-03
-4.690321776125479757e-03
-5.365574814057807833e-03
-5.909469672143782132e-03
-6.310179745024195076e-03
-6.559292470581449229e-03
-6.651996735481853669e-03
-6.587185364967019022e-03
-6.367470199729572365e-03
-5.999109321649281727e-03
