301843.449526401
229191.347580428
155630.329907302
76454.9170117161
5008.18210560072
-27551.9403687006
-28185.2664069904
-9969.18787609676
28259.873441046
63128.4275262032
75123.0219401315
83772.8495259306
69209.614825844
37451.1242311562
15173.0656331804
-3300.19652721959
-5784.95335799535
3016.82627523921
24117.5068545397
47111.8522418918
60615.0970671639
68584.7435765841
62818.904316489
45669.5782095501
29654.6454290593
7861.06309327573
-652.513898857933
10590.648767998
26261.9280893753
36722.9698210678
48300.0904188818
65256.3920816113
65061.7417241595
55798.0642735191
33222.2443603656
19633.40980447
10630.8325910986
-10588.8309912216
-10042.4196083701
-1681.72466010756
1766.16361955989
19168.9798500531
29771.0134009464
48382.8983720988
52227.9718927283
66863.6250201879
81007.9906279569
62084.8317203407
60100.0482158964
54890.0218738644
41851.294187971
26866.7745315053
27656.6778772567
23029.9091073373
20144.7917620245
27482.5783615665
25714.7985952928
40100.8956655504
49209.1689080419
44026.4937901747
41222.0269655708
31057.9647839834
2487.95749089186
-3029.80565408741
-17372.8793311664
-14477.4712581419
-6040.71841706117
-11.3762050765054
7439.13534749875
25619.4817329869
31105.8550799862
30447.3622394505
36312.2282473121
17610.3171228916
10154.8496669299
15912.5795718139
18375.1577675743
21224.1569810948
20159.6384432484
30260.0239525329
31041.9410486512
34584.9367054861
22782.6354958111
18376.0570342095
-4826.62913628192
-11941.9985831069
-16616.9008269566
-10278.0014431523
-7448.62575697469
4243.82147230356
15149.2766112001
16947.2379352038
19669.7013106671
14517.4419661951
5301.73360624744
-6479.93880300283
-13194.9542249065
-12754.1081450433
-8950.0039224385
-133.797292988744
9534.45467933872
19091.8389568873
41645.1794378637
45473.3168388919
39025.5143888313
25001.6909514659
15525.9723595046
-3982.94860256886
-11510.2387628814
-3893.09558172225
-13575.9969878475
4434.57551509247
4941.89971198766
16294.2078719152
22556.3606025144
16316.9850573035
8881.8601699085
8113.18535829048
1355.73874124739
-1311.96647571003
-14184.4768000103
-15939.9610921942
-11348.1999715312
-12701.3993498542
-6087.99672700984
-3305.70931541179
3229.05234885789
-7271.7529548623
-5192.35015650864
-3590.14194691403
-11831.1261241054
-6936.78227948017
-5767.14786535683
-1094.43912747232
11944.2509198548
19508.5772280431
16050.6441395756
18067.6188805321
18100.4531009612
9595.49961507267
4125.6126019783
-1980.26328103811
-272.445024684289
-1571.42261029474
-14365.1209416602
-9071.62572911529
-6622.57701451801
-10666.3954251129
-1098.42241136247
6477.4541274726
-585.100558261792
-3436.7166119838
-7887.20968253923
-13415.2645137755
-18168.3524500372
-14859.6168401471
-11115.6262959899
-10518.1857042355
-8436.35790654182
-243.721311305198
6035.81057309806
13990.4205225134
18263.6103520396
11507.5402792561
4843.68661022358
-1724.10912015192
-1076.11610983363
-14410.3693286591
-10896.8725836519
-9462.6865738177
-9921.33592432721
-8117.20351604867
-12294.0073013125
-9849.37064944688
-3847.21029156304
-8137.53509125028
-9412.81810601321
-14938.4614286354
-11305.9060970483
-18843.4092872991
-14650.605808274
-13133.3891804558
-14027.8642787798
-13101.47438966
-5993.90345015139
-5968.91551151734
13320.4421281157
5749.90754317002
8579.79636544637
2188.52501876746
2628.50808218323
-321.267237383064
2888.66141609438
10654.1715461228
5835.35476816839
-4050.49950238061
-3192.79217316218
-12587.6891937797
-19515.6007371028
-37065.8067963304
-39223.4782375091
-42812.0527102443
-31760.8793048516
-24882.201434263
-20079.9782105397
-14871.2264292456
-11549.3172375729
-118.515496349921
2730.88802903285
-3142.95273325918
-7102.95302072908
-3927.81357343708
-3963.6060031418
-2189.37839497759
-5663.0862183631
100.568800820454
11237.2313389703
14004.1838056223
10509.9973936304
6214.77784040744
4065.97765407343
-5578.54151482477
-15706.7800212796
-25281.9825490735
-40515.6296344679
-24210.9082145352
-29200.2081001903
-32174.0456671758
-25823.4890879837
-19289.3047987819
-16926.20157554
-13957.7309903063
-9305.71855391917
-18675.9126288083
-21325.1091814188
-25183.2025997564
-13692.6871345506
-3357.27791858414
-2641.35748480029
-2783.67591135011
2032.0111462427
9336.44204112238
2653.89048098151
-1373.54610491767
-13603.6649391118
-6810.35097587235
-15930.9211257174
-18437.3168163227
-20794.4613233317
-15568.0816955183
-11578.8597479795
-16189.4928432736
-18599.7105965694
-17266.6169283805
-10780.7811373376
-17836.1663794294
-21962.8588805263
-34102.7991023738
-28007.8116626603
-25765.479736296
-21092.3069243691
-19040.1576389528
-14928.290960928
-3131.61530707318
-970.797622338183
5757.58466393852
4089.6728299153
10596.80263624
-8400.5501609859
-5745.3520502754
-9620.39825472974
-9275.61020584456
-19473.2546425099
-20523.2079811856
-21627.2842776831
-14517.5521837419
-13274.2957041485
-15510.1692344931
-13296.999427181
-17143.2260317661
-20193.0771575966
-33072.7538614317
-17516.2134939527
-18939.4477476859
-17852.6630091692
-18132.3006309908
-8381.81530063065
-17282.3032053154
-14648.3821373057
-11043.5086636589
-12563.4526515592
-16630.5714123671
-22222.7420989969
-22241.2925282045
-15215.5874431253
-16977.1224031025
-19539.4841649688
-20121.114665938
-13364.9256302684
-14638.8448802181
-17140.3197554037
-17839.9688258289
-23834.8734594722
-27731.2578624674
-24215.2261158417
-23294.2065523409
-20673.609029553
-20843.9724443123
-16209.9420963116
-14599.2541885689
-9772.83665698813
-12375.6839160123
-9729.79920456619
-13883.1585452959
-24039.235955847
-11914.8454124715
-21564.6576936686
-19800.619742404
-21232.0765557622
-13223.0821476989
-13251.8559244863
-12195.3819151189
-7007.84197349049
-14267.9114869785
-8876.21634144068
-12876.1346261376
-22134.668977517
-15391.395060707
-22366.6839096609
-21454.2606991086
-26811.8128017579
-21633.3705234872
-32509.1168023949
-19629.5833438227
-24924.1490811929
-17844.5260144079
-27320.6539996329
-27853.7848305366
-23644.0876259842
-20037.8288358534
-20161.5182132843
-26396.724045938
-15276.3145033778
-15781.0924722226
-18665.643611167
-16895.6492758587
-20355.4071993724
-17644.4821149653
-14834.8091661148
-16028.7497709219
-17290.3709220032
-10227.6493202321
-14149.1749083232
-16343.0684858758
-8897.91682709163
-11598.7415608609
-6863.57990914276
-8142.02013307377
-10131.3431082417
-8061.39497445003
-18314.7224731946
-25270.9195723993
-25824.1891359739
-18548.6097930906
-32984.2377987417
-18485.1391877177
-14098.1263540923
-22885.2477912715
-16806.668222519
-13712.5606981045
-17821.4624770782
-17614.6350405678
-20033.2449194099
-19688.0349074302
-20744.5120538799
-21422.7881181009
-18270.3403603465
-13632.4488390195
-15213.2045681254
-8903.16738431573
-5726.04309126562
-6789.91236010832
-9706.75748651823
-18776.1571640952
-19144.9978016899
-14497.8467205623
-23213.542040226
-26111.2784289373
-30948.7286527803
-19370.1817144311
-13856.0397161817
-22429.6533623567
-18606.4619638878
-20083.6388958922
-22145.1746023136
-29713.5669013585
-22881.1316201199
-19783.0271156075
-16341.7436369578
-21106.624236455
-12313.7259583689
-20169.0086592637
-22622.2885812138
-18051.6597419
-15261.9422639435
-20954.5883875206
-20554.729975962
-7307.13823838156
-16537.6529254323
-21415.9143348907
-17794.8984988267
-20883.4335415329
-15896.8867010378
-13569.1284141368
-11942.6966373156
-19620.4443319729
-16303.0747968505
-26814.9532480253
-27487.8048581948
-21672.063575249
-26265.7376136043
-25109.4196796245
-16550.3879139579
-21554.9912689839
-12143.9739050595
-15448.3740635849
-5767.12937653901
2350.04658755189
-8033.03144653588
-16684.959510586
-15090.5892998382
-12106.6906948135
-11142.6970493383
-13940.4526584986
-17473.2578475321
-17727.9717521407
-18566.6149561482
-24506.2968895305
-19901.9446745101
-19409.4624644465
-15221.0121762648
-26305.1723277808
-19360.2791342653
-21238.3587267859
-24224.3022618189
-26496.0603790894
-22374.4888539614
-21563.035263587
-25798.2259309289
-24368.8855265268
-13320.0522515801
-20269.8892622286
-23387.1301142605
-21356.0064103706
-8195.08683351333
-17148.581551027
691.209809407937
-6242.47156737771
-12770.9991488854
-11471.9196927185
-5373.37930193487
-7619.98889119992
-5937.00964160386
-16070.938930522
-16335.2761741832
-13739.2939457022
-21010.8247732747
-17286.4008190818
-33464.5775625333
-29876.6081842123
-19521.1154526071
-12466.9473731857
-22798.3741517963
-24334.6504776199
-16377.0417516532
-17841.1311491677
-14882.8582839598
-22846.3884075895
-13892.4007061962
-13440.2627935828
-11263.6664051173
-17173.4980227397
-10495.9174387677
-14134.7274157631
-8687.35873080909
-13762.65541308
-16219.6571408951
-12932.935411782
-7261.65814984531
-16154.511618365
-11236.0834299887
-10546.5371041172
-3549.2787633044
-14623.5131593451
-17994.20270165
-18941.4921098671
-22006.1448371606
-19159.074479969
-17104.6547569414
-18238.5111216183
-13525.4093699398
-17520.8806362894
-14695.9915291982
-15947.0409298719
-25567.9537269001
-22531.6602535822
-19060.7077826561
-15808.6080450993
-17462.2387208312
-20141.5970771098
-18390.1921830565
-13858.7113173765
-11791.5645202226
-16176.3127957933
-13702.2559430376
-19920.5774679036
-18311.8850491334
-14638.9028704949
-17901.2769778126
-20813.2536222488
-18899.2723077482
-11439.2154032094
-19060.3010388239
-12305.5938573691
-11016.1065858596
-16098.2998049424
-23858.8640203178
-16739.4865199841
-16801.2172337365
-9933.14852395256
-5972.27447289324
-12641.5079064652
-12060.0898923881
-3271.51067459933
-3959.66077797391
-13556.5000313277
-10031.8729433038
-13400.0201643011
-19831.8193053775
-11730.9318518537
-18994.1224792864
-13490.6486058653
-6291.56192516008
-12021.1882539922
-9848.76343107528
-10958.7338771827
-13218.4589239388
-8937.74478502325
-11863.4617600065
-15894.8797826275
-16205.0972730486
-14014.3442173755
-20420.7331951995
-16813.9778643481
-17443.5503093502
-15198.0488712576
-16293.2016529725
-21370.7978078741
-19838.7549742014
-22405.2742042789
-15534.6671345958
-14388.4481347538
-14109.4767907061
-22250.9419986142
-20199.5476556684
-14307.9123633767
-18254.0436217716
-8962.80330844405
-20572.3532638195
-22048.8944637499
-9545.27256921998
-8543.51795792623
-15083.3613112303
-16394.2322351519
-17512.7003003212
-17792.4247813803
-18765.9457243931
-13800.9656069584
-20029.8263647627
-8621.69769937396
-5075.26179664635
-15836.135761974
-15635.6856608756
-14548.2160889569
-17905.7323015851
-19130.2997011972
-15395.174293286
-11159.4950093661
-19164.4996763195
-11259.4128695807
-8863.85942779344
-10099.6980336326
-5854.59099137766
-6332.30616141908
-17193.1230649525
-17821.6521670561
-15567.3835362583
-13087.9590277116
-17589.940726888
-13118.76034837
-10209.2327827583
-17793.7939529196
-23083.306219003
-16061.4542797952
-19193.4878194647
-21620.6988747841
-20434.1066617326
-15517.7009091392
-20100.7679214005
-19526.6625058572
-18141.9098048295
-21999.9258714328
-16194.1820242352
-8074.15925224213
-9333.02577791646
-13578.0208170346
-11308.0071182982
-17003.2592476885
-9967.72763833906
-6719.25672412601
-13800.9536655536
-9306.6982608872
-11361.8046527034
-9179.05150514761
-12738.4461456332
-15178.5431711282
-13751.2824631221
-11603.8313938454
-10724.2332042104
-7077.95452792003
-15959.3571753017
-16572.7196565923
-11658.4692954373
-10530.6597749212
1348.98131797909
-5435.22016389574
-17039.7828383664
-9336.00325555008
-10576.9756492715
-12130.967165007
-9129.41469820957
-9176.52827728098
-6867.69148116025
-10946.9020094358
-9247.34157921854
-12528.2857247838
-14027.9617663985
-2213.52070244647
-8029.98237572775
-10572.2675632676
-8114.0844208587
-13124.1617382171
-18375.1647013551
-20839.8678862023
-13308.5205314763
-15174.2821433357
-12727.6290857312
-6609.87864522165
-6179.24907073913
-10251.3916968751
-13511.7343997533
-10548.4449062888
-12000.0556606793
-12028.8809607159
-11732.935415211
-13133.148510215
-16297.9174357978
-8131.13560933782
-18327.2666694777
-1877.66302703337
-16144.0594409569
-14501.7521235079
-7744.72229541964
-9464.73418853906
-19277.4235391709
-15838.1876608473
-11946.137997458
-9303.97040947472
-9286.93809623368
-6245.17340635577
-12932.1690662841
-4533.04930126898
-15213.4938639786
-10546.7710454708
-14510.2574894857
-12591.0803833703
-15622.9819395314
-21212.8133366309
-12630.6130885797
-16680.1202616805
-12844.9499593227
-18078.3970843546
-12405.3478150422
-17136.7232193873
-6950.80389578136
-6932.25797996765
-4891.18842434563
-3175.42193065679
-6523.90215746582
-8745.88214590175
-7107.70804324983
-9893.88785169297
-12394.5285532677
-8386.50329033089
-8945.97072144003
-8352.34827009133
-5713.32743826932
577.25249770796
-443.846926502145
-9696.08054180338
-12003.4057056672
-17028.3293397917
-14874.0294554558
-11056.4749280905
-10983.9463327051
-13345.8645046758
-8801.47268039865
-8982.96102631647
-2731.68731961886
-7438.77814957223
-15466.6418361434
-12299.3711343054
-12792.2101599448
-13446.003837789
-10273.9818895152
-3120.85361421325
-3905.12973047121
-21171.3110859928
-8377.3303143532
-7333.88975513506
-8424.17709147834
-2945.26002386039
-11506.221416161
-13864.6123342682
-8467.99947071403
-12347.8843068957
-4092.45304991227
-11104.6788189324
-14931.3975862685
-8455.6424684935
-1570.94674584014
-15825.8564002836
-18589.6413570342
-10936.1081203775
-10812.8945134224
-17149.8849818235
-7470.65225203122
-15265.2679801395
-8287.74226498948
-10163.0497982398
-13516.2288965288
-14215.1894155631
-14667.8512825979
-4191.36432227954
-10667.3126677401
-8831.64712871234
-5398.92092791635
-6576.97571272746
-16381.9416313177
-15113.9600532156
-8392.30147436901
-12638.8207205227
-13679.9030258286
-6841.69404199214
-1115.91628727326
-3810.63211845203
-7415.65007961036
-9750.57218764392
-10956.2023310605
-11928.84466189
-8097.29823043477
-3570.51731191484
-10428.1524231036
-6042.73380066818
-10273.8272055598
-15782.2567816639
-10478.1538447699
-3861.0871000295
-10746.1497699931
-19874.6007404555
-17477.8574087867
-15638.8518332394
-11124.6627311088
-12293.5190800359
-683.033192434841
-6629.81887295794
-12259.5502114825
-11328.467598665
-6453.31636167617
-6229.56393254693
-12090.0284205935
-8048.94177854873
-13922.0586556028
-10965.4324572304
-4654.70416028003
-9916.4349860448
-17617.2889041519
-14121.4933693217
-13751.7818792455
-3183.04599022664
-3869.42875478921
-1246.83170236521
-4243.97933351342
-11919.6941101274
-8834.59718717064
-10100.2281527088
-5566.12401935929
-12956.8361182566
-4734.15084674401
-1594.45758337737
-3792.26507558376
-3383.86208460296
-8688.56108456292
-7341.93044871641
-9908.37556287956
-13639.963375248
-10111.3570560617
-4980.4907924212
-15712.5820329867
-15825.1153825656
-2697.24346429526
-3270.52491681818
-11687.5258572276
-11215.7173126058
-5386.78735728993
-11036.2870796582
-7474.93087671684
-14619.7874346825
-4637.56817981123
-9313.743841589
-14850.5678841019
-383.83282253017
-8302.23490445643
-7214.05683871494
-1633.74503537343
-12535.9878004802
-11215.7269418048
1355.62647066332
-137.121901974879
-11671.4970374269
-8152.08884533099
-5607.51485182055
-17619.5265834528
-6556.18249771707
-6672.15591267448
-14989.1568339141
-7487.38969409075
-4276.36904845001
-15299.6437393071
-8796.64517292498
-13916.0005605945
-5663.84997866672
-6769.97439747557
-6995.04290041784
-7742.85765266119
-6271.16746223729
-5651.50834986228
-5503.0018078393
-10691.3276724347
-10891.6176881375
-3528.46805254352
-6531.30079478554
-8903.64722880314
-10191.0180294654
-7651.33226240198
-7797.39304410232
-10591.4179140029
-14106.5495730556
-4660.13668725848
-7018.12631802271
-8262.377974919
-13104.3550914681
-7315.62845617954
-11734.4885593615
-12264.8513459245
-5767.68719173921
-6729.66800658463
-1254.54955091205
-2660.18750871515
-14620.2603454387
-9151.5084900603
-2453.04109214757
-3228.2779323641
-6144.60062824149
-5405.38083641971
-2940.62111494444
-3148.50808749748
-2043.1896060803
-7501.61077212756
-4581.22177396215
-6549.54226098145
-3215.03501036515
-3739.81695422768
-6952.97725269431
-12439.3324698253
-9620.02882710428
-12546.8644161511
-11983.5669298315
-4204.25186603441
-6469.02288151189
-7889.41381671512
-9317.87072659092
-8154.81991875034
-8279.69602774259
-3946.11123852311
-7046.46823782153
-7291.92852968334
-10581.5139265434
-5780.11257374568
-4780.37077526553
-2977.38633936719
1872.95236563401
-2203.0702283453
-1320.38189645587
-10124.2751990609
-10396.6910446239
-7879.72335903349
-6282.38874054521
-1575.27771970958
-5231.15083422519
1611.64673347975
-12799.2936781774
-10959.9736139637
-4284.68485093812
-10406.5946818927
-6198.82277970968
-446.717016386181
-5697.10059414812
-8617.60341620055
-6380.70931399382
-3103.21437222746
-11651.39546886
-12964.9306373238
-6600.70790351549
370.525539834594
4704.30161274631
-4073.82749291053
-6213.7057000218
-6558.39840128527
-975.535508309534
-12286.4425487264
-7056.0735479838
-1699.74263156776
-6662.12862849735
-4214.82074389467
-1273.5584463965
-4043.58307661638
-10933.2671923939
-8558.78403377945
-1714.32900622441
-1540.38674058981
-4858.46610036758
-7206.35811140394
1572.76894208022
-4408.39582300755
-455.278383635293
-6837.97275155159
-6292.14343118951
-6614.49511659745
-106.268658589985
-3972.37067699714
-3239.44965999829
448.164626062708
-7777.41507953777
-2111.16895328411
-4862.88786674886
268.0337203087
-4883.35272879369
-5180.97773332673
6644.61255245154
-12445.9612796648
-3347.24578513438
1467.88846394301
-3033.11746639317
402.452459673984
-10263.5912885175
-15196.6197727605
-1662.93466312762
-2349.57023307266
-3332.17812539882
-3539.75161423067
-2459.58252131615
-537.101535495302
-4827.58642405421
-11055.5827039672
-2550.29893675102
-610.398212458329
2787.48522078925
-6211.00929873345
-10822.0305163334
-1360.45810362964
-6755.6688230446
2496.61408695788
-7224.80324367767
-12010.0627449268
-3905.61239104339
-8120.13465940996
-8621.35233081101
-1013.98261792749
-7015.93243143334
-2564.26521968353
-8675.91708918405
6064.02783243235
562.828346684406
2087.57808724748
2029.96676348614
-5728.41775856068
-4675.700474333
-7709.32697946547
-4617.41196187866
-7506.99617877126
-7139.10839405632
-4405.43634763068
-2192.57561663542
-7071.59537122753
-681.513107366416
-7202.33365962819
-11584.1763912108
-6615.23830248187
3451.88328473627
-2769.23448460066
-405.883662736603
1327.94475638764
-1408.9054557067
-11146.7916532931
-3822.10739646391
916.884646076201
-7107.74188865643
-3282.15501955584
-5621.48767168394
-5114.84771654568
-3798.58169804627
-4657.24872493157
-5836.26212058896
7309.18661614283
-1771.44660111964
697.688721844326
-24.5724000704803
-3912.46498292866
-8792.01549900633
-8388.62538661947
328.436369244158
-2201.46149340635
-6762.95878930732
-5776.5103984814
5181.03146553103
-3778.9966864675
-5642.60349456145
-13311.7671569241
-11571.5582371599
-1404.04044422312
-2602.68128223834
-82.7401335676859
3760.3671906191
58.6206638111055
2073.34058115224
2095.28491881928
-851.601257823456
4173.91126208035
1232.35914432249
-1091.45844362434
-7995.10707974828
-2425.61511911497
-4651.34550744565
-2832.42705220065
-3700.37854115891
-6341.4005891466
-1969.65380523984
-1943.93803140381
516.394576536497
-4887.48088770612
-3603.25541239274
3783.89667164258
2508.13314538057
-10560.9310257619
-2989.94549210238
-3758.67815731764
-2905.38744712252
1483.48056371781
-1769.56886953912
98.0837575379735
-3272.35763587988
5724.76875574266
-2505.85554197284
-8.29570794980759
-5868.21784173343
1505.22450063635
-841.819858195199
-7387.40136044291
-5104.63529812276
-4789.12609052143
-3400.07051082572
-3504.34970259575
-1437.82195661968
-3824.08963005707
3625.48378477669
2032.68665090017
7698.19870823515
-3465.58297750651
-5854.16992979907
-4818.26795537663
-2564.82939644108
3396.28875806784
6798.04064298443
-94.5351784036853
-6506.15775495088
-4494.94996698058
-3426.31773121879
-6564.0060718586
1178.65269950108
-2839.37876646825
-5232.52173177217
-6170.39120572782
-3660.79030712514
-5631.68406146377
-2508.17902874883
1026.52404322043
1002.6324010567
12486.0015165579
-622.987578612345
-2441.02489861559
1040.65925069784
-1305.46042214022
-3091.58528378006
-2192.86947920891
4232.50786947285
3714.61316130336
537.183774860069
3141.52952030151
-2171.57862569725
1109.66380093919
3858.72701871384
-1045.83165728755
8368.62032459319
8291.05943648515
-2924.92052752259
1607.3046511278
1454.21946340633
1546.60352656675
-2377.72263073728
-373.198132775909
544.780043839866
-3729.44501092058
-726.555129103922
5802.58252973872
7360.28658131009
2780.83636100181
-5524.12384015203
-5257.25903288209
-472.362165368787
2352.24076290866
4184.76416081733
-837.55271742384
201.410286585987
-2621.81994299089
1519.79824148439
-1404.23097808733
2201.4902418994
5161.31043872032
-2100.35243107495
-751.576520931549
-994.778975656911
1468.59632364688
4124.27040693676
-1342.92392486451
6992.10581948912
8864.27255020198
2377.79627215799
1705.77080446873
-3526.49713462841
2119.57469245604
4675.46965117703
1984.53257513561
7933.73342711635
669.970324784306
-3233.61236106207
-5116.62702716179
-1729.23376278413
-3656.19720294888
1061.25377263993
8059.63829877395
-4578.90661283581
-8228.81806649004
-490.026225611973
-9580.24902589248
-3317.24892898641
1928.88620855886
-7914.53874762337
-1552.71244032684
-4292.00094154206
5225.25223508442
-1868.25184135782
3301.85027041709
-5657.08301424432
-5722.92087338488
2828.39505844117
-4898.15306743143
1967.10283675368
7478.43372595198
2045.66608588154
-536.078985778565
2770.36734623725
-5302.78830096301
-2718.63353228975
-579.659972933455
-5814.23663395826
947.115118225192
4598.13946410414
-5074.66300308337
-9249.74791862254
-2040.34145807144
6819.37506142303
1573.43055140084
355.806199604574
1274.19679374292
5812.38568322412
-2700.38069777904
-4388.75145607693
4144.73881601115
2307.42475450055
3481.78120583042
1125.19588221465
2386.68386168847
-4749.15825385612
-4857.79763623353
-5227.64521865288
4872.89425741331
-860.015234133067
-6591.79926062857
-404.131470878472
2420.08920601563
-6095.93002888465
315.092003183765
-3914.91135158276
2842.09004274825
-3370.54593091741
-1045.56940848608
-872.202202941064
-6143.55798057421
-3825.02901298692
-4419.53114066086
-9580.52993913577
-7886.50697765156
-2561.16571695716
471.726376755435
8499.68660682893
1187.46133933904
-5931.09414728053
3666.38409919629
2445.64812407385
3127.05047789983
473.806531263378
912.082024089843
-306.832607757395
2767.20309387749
1459.50106239906
3096.88367739392
-6908.24699011248
-1553.77165128523
-4329.82412337298
290.365901701952
-2300.96329510407
-1930.14684768289
686.291337664283
-695.812909256853
-4185.9595863399
2245.74218325026
5557.92096437429
-1042.15152624977
2603.72241706436
9760.1220939365
2612.75718887465
2338.17204124666
-3167.82962258144
-2078.90912747213
5303.57699539801
-667.278025739192
-6017.67517461327
-770.349858903431
6711.43092265764
10677.5952096743
885.246651078496
127.119102730331
-2506.79913641802
-3516.49238565995
-6182.64165174625
-2091.00045698423
783.997361741989
-7601.48487638222
-945.685545714415
-7482.28534062858
-680.320742968941
4133.06746073235
8041.48707438942
4007.96631364119
-4648.84909612843
2759.87288197134
2280.41919397427
-1338.96707116192
4046.06353238588
-4255.43556506787
-1698.14349817565
-2619.46979775525
94.7193511848377
-3537.64845410244
6528.3634495638
881.350238384486
-5702.74850012583
3132.11050011829
3547.33170210208
-3309.20397742433
-5299.75096790971
-1691.66709059301
-2450.02669587765
-8049.91880496432
-7595.45586218192
-844.418593447335
3354.56783949605
-3878.68025132447
-718.57625443688
9060.64439354897
5867.26643572088
1160.64594345726
235.614018432558
-5869.42578090237
-2247.12788780024
-11.0212880892955
7624.2831421653
-521.225461976791
-1147.73896690483
1163.11559461166
-2481.82179680007
-5597.41364811709
-2390.077239062
-3178.47709892342
2643.04363593434
5394.53068656545
-2018.27967299242
840.666887078221
-4433.02548078727
5707.35052123413
9175.08767026755
-2740.59190204926
1162.01008419664
8391.50121856623
7121.22662979245
5766.66757183849
-2343.0164049414
45.9664690253717
4051.81033863465
7088.14161865933
-6973.6132602886
-3294.2794205265
7129.52157904294
-765.403530608234
-6016.85025414374
-1383.97310040132
-5350.56932634003
968.001292441868
3354.81752234744
8342.67104689646
5151.34413399368
2515.21590649979
398.649555933908
-7519.03557235895
-1354.13772454135
5286.7239110287
-5966.94565816583
-1303.90253294509
1565.28101237321
344.32110776856
7757.64826762093
-353.440198867666
3825.78386461216
5068.05960445367
5614.64028870835
631.877249740713
6551.324701715
6504.95241247728
-5589.32910003177
3149.5691404335
4131.40967747631
1186.18794324251
5724.41936431559
1357.51665195384
-2984.84683927239
-6323.68558501393
-7629.35432059546
2431.39218683747
4884.12073321838
1364.84622406896
7703.02840230357
5036.13067770376
-820.457757415744
-7130.91443186925
-886.111813050431
2894.30708242626
2858.32356516652
-432.151494260914
1902.97502794743
-1067.05104799661
2469.03737374117
7460.2009192786
9374.37202127388
3584.19873278062
2868.58965921367
1613.84713104339
4820.99516420948
6841.77525597052
5097.19647479559
5253.59747851995
3136.80157450223
-4166.95378282708
9050.59089667918
2982.37908949652
-3460.81261393557
1583.57669623046
2711.49793146387
257.182198759471
-1327.32630291347
6157.7596546336
3530.75997279715
1774.39286571704
5901.69633641802
-5074.226164042
1620.80196728357
7152.66705838592
764.498705300353
-474.031341469125
7022.59883124552
5460.13120704299
15455.0296825396
10457.2096361818
628.628687409674
3446.25241639512
928.898337902979
-2495.01687827936
4737.08370060798
5092.47322018717
-2221.48847317137
-1055.47390345845
134.475970900742
11137.4626671223
3311.85288959691
9775.06201797531
1024.93914516705
7816.17849754064
-2444.69628872525
-926.236903670103
7086.85605964825
2848.03785345234
-3354.97386870153
-1606.04230904122
-4436.41804796689
-2837.78979733446
2206.85667016708
-3275.55715160738
-6503.50321922865
2894.60356687337
-2059.19214927499
10324.7367727548
4648.99946459292
244.460477492306
8065.10183618781
7761.88983516594
4994.75948163351
-1184.37699131771
3573.10904305138
9138.59678684604
1471.24064451746
7287.26664031935
5901.9937706094
3420.8428470988
7050.45426692095
-324.235160713749
-370.182739256746
1290.70330941409
14.3097329118216
-3700.93557597207
3052.76976183058
-1317.86630372073
-597.949573011471
1372.00332001194
-4734.85072131381
-871.83594950583
3130.15354954588
51.3781521444211
8931.85617180097
8581.48579881074
243.92109089157
2835.15288678511
6890.25279132339
-3877.5716193059
-7998.70963071323
-4334.93350067094
6202.90410400605
3757.13225716029
1496.92898616225
4033.00783361651
-1307.18445906897
-677.31236224959
6331.82565101758
-900.955591141535
-5485.73161730881
3875.09876275019
-464.41228783465
1184.31006608999
8934.44029685089
7214.88348903554
5162.2275968182
899.94865803217
3330.80459889698
562.435144572317
4219.56811143383
2372.66865771426
-904.378971068674
-2327.32164934552
2742.96354933952
4452.78802823526
-2533.92546350153
-1617.48557420095
364.403192265474
1684.64478904952
5443.99104159628
-199.001012214335
-480.877642471534
-1827.70305452635
-3364.65161646895
2053.00964363484
3717.86419505844
5265.50712263217
2665.88770963698
5025.04031753685
-1523.25854990443
3124.26252849593
-3801.31979892093
-3568.03668582245
5547.67332959685
4090.4090376957
927.627917347562
4711.31062763619
3933.13775567248
-3221.53827302053
1059.32474289285
11014.3948333753
7918.78599023283
1968.55613292324
5214.49661364071
-3182.93161387585
2419.12773979376
1547.20234461589
-2739.65139294451
-516.918438642746
2329.03387957994
5855.58363275238
-5020.63534521718
-38.3532259317158
5404.65086027445
741.762481735227
5637.86965420026
-375.430441230038
4182.53480379015
-1250.34879274704
1239.41411993852
1972.86944406575
4040.98111370412
4297.43154143566
9656.93035490586
-4440.31079858293
5082.7421106206
5382.18162984157
1546.97030876302
701.975283277061
-3667.91608952627
3699.43803471041
1970.65993763625
1312.37054443553
-2027.73068347511
3687.62263001545
3396.11116146589
6878.00609209579
-3838.95307662564
-515.295384800492
2025.34024023481
-4364.62406585015
-1967.36670849781
7987.07314864153
-2856.67112942738
944.896683425457
9445.30282617812
9563.42878904086
5723.48627219572
5616.82845361855
-4387.16081719097
240.058281808732
1464.45253867929
2549.54956632367
-2595.48632739833
6543.37805424256
9853.08161509896
-2418.57927626879
5585.25315458749
-825.45053685321
-739.229867648666
-13.0721666095513
4575.04855401482
440.374430246218
241.306675412548
-2351.53730840866
1164.99492085282
6383.61442217489
1056.95284346556
7454.36954159776
7033.30549380544
4763.92170230019
958.851880433135
6359.87860390305
4327.96179540937
1514.15504137484
4075.42190374157
5640.01613013599
-565.452842838919
1073.93772665417
1364.40195666265
7267.22483956614
3781.57664993453
3053.79906201257
1263.92040330107
5489.00197199325
3325.49237670614
1696.28928884184
1125.02245561105
4865.95241837402
6711.68669000582
2940.91584967955
4099.561857968
2021.56566048618
-2390.06517040363
1228.51426385821
5412.35424574388
-2397.06673277146
3382.00345378529
1100.74119985343
-3139.32689554866
430.712333556344
2590.99565535959
3239.3012554179
10248.3681183165
10961.2305281792
315.025885031559
-6415.28916032653
-4141.14145239971
7647.51147220119
4682.93484675845
1521.51700952133
5803.42313757622
6134.65590095766
-1080.26491943555
1132.49753546412
1484.76167161536
-303.537621212259
-70.5925201334437
1674.83105021241
5204.71150981557
2439.124902232
-1898.1172746675
2797.88971132015
5779.74424981648
2472.41328978851
-930.733244422484
-2477.1422337524
8966.46093304126
3648.02600662165
-1625.1874612824
4769.48246963253
7029.27592452199
8412.60483523703
370.608683822631
82.0190822649538
-1731.58921897838
-1155.0655099847
-1410.31092086012
1973.17747526151
3961.94386612814
4086.08527063168
537.385069469186
3907.48599745644
453.354383230308
1814.02272687602
-889.140766515644
1999.1298264737
6006.78462096251
1348.55673829643
4382.26022621095
6403.36028059143
8806.05325779633
2420.5541356727
-2714.66447494618
3874.81840622604
2643.89426373663
-487.054046811667
4012.16869944562
10595.9671347422
3226.54414642051
-1806.9610351282
5098.93833449911
6155.91815991875
5750.99505004145
5852.24557905846
8030.24551400761
-529.646002781067
-4167.02442167356
1381.17039943727
8122.50550666158
5377.62704464137
5215.42428170048
4021.93256332145
3356.2196376777
291.185347856714
-2436.87064891093
-409.113306911624
3580.47952010755
6075.27995501675
-760.787374902253
994.869187302768
-1591.34314680293
-4020.97046011839
-1717.96397989462
4563.37337019341
6488.95870160997
1317.15327863528
5888.96426627929
306.069310117038
-667.735845774212
2628.29275010618
2123.04566875428
7163.85343321121
3271.89681660862
5973.31778951888
2010.14897939642
7259.52306480349
-3873.29955559219
-184.713517708244
6140.86013288871
10403.6073122757
3058.61310343049
3185.03493053003
6884.4153138086
1096.37811710529
-3896.18188851809
6259.75310886179
1465.69129397957
4691.91179091846
-3297.38225996416
8667.53690146783
1906.71491844077
-3114.37599389639
-1984.41576415859
-3514.02263011738
3367.53989638602
7392.49017601695
7355.30322377234
-631.086401875924
3829.84810348066
1953.51757313544
2224.57336989377
1255.58725959392
4457.71823445872
6180.317895556
-2137.66885959917
-4238.75950388162
-1979.47851479356
-2083.69227989963
3924.85693077508
3475.63816028196
-180.861615369462
-1024.04077234464
7171.13898438052
3892.17441213057
-297.27130868569
-391.812558862884
6092.77324030411
-1353.39091888165
8378.46962725098
11686.2395744209
1785.38783628583
-1508.84689888748
370.827779811578
8190.1788067643
-4020.51578749345
-1779.8779275949
-313.391171503843
620.173785774454
2374.81313903955
7380.23522623266
-2269.6802879898
3877.66529300737
5014.80303438523
-1328.87221421815
-6331.71296191001
5350.68777721537
1257.27788553943
-4613.06656374439
2169.54896791564
4909.70167739916
-1951.13772435858
128.610990226633
-2973.24312441633
965.760271140483
-1596.79227961333
6081.93701300053
-6128.07812650709
441.051632261283
157.989107158922
-1688.84161152558
-3415.41134549475
-2944.93341433186
-6026.75072989016
-2955.50707050805
9263.29580503285
290.731891041286
-2326.96772268295
1359.63261235121
5253.68235827604
7143.32201212934
0.00918963419462671
2714.14288551441
-611.074077608407
4710.8478854532
2799.34562298626
3362.66472864425
211.05357682104
142.621356664112
506.091943651473
5279.30925120913
1707.62571091285
-1256.15936010497
2842.3448236915
387.375767518796
1606.38804349298
-577.519932932677
4303.68593987613
-200.310200806289
-4523.74960113854
4233.74719952822
-1233.57521895965
372.615323390777
7534.79857992415
-454.985740936018
3066.63919010168
4985.58094745792
3952.4377935434
4033.8134842534
5410.31022048393
3352.20154314337
6652.21419491626
-2045.27744901949
-333.504222311054
-8992.55313887768
-5524.60589487264
6556.59598578162
9197.04916629296
10739.2033215107
1891.38393437418
-757.46419636417
6357.47914081155
3954.77515321649
-2692.47728376441
8156.34622601966
6752.73766293065
2793.51701152729
-438.056685804906
2908.7848065489
1351.52731492984
2510.75024119431
-1305.06789771642
5328.18430050014
7410.78029212561
-2608.41764533666
3424.76161714717
1169.23879316965
3181.96546916283
5364.79554910458
4829.7978126915
1546.2049723326
1029.84641255015
-2425.72624963656
3186.49175734257
305.440442364647
-3156.87087640946
-53.2749444459139
3445.23764466934
1595.85993143972
6040.28909088438
-3696.17509448057
1175.45092829507
6026.27951076357
2750.28146207941
11524.3514900754
1848.11136014503
7458.22126062466
7012.49693482835
3283.73510285801
2127.31404475039
1990.83878916554
1719.69248922522
819.570920638494
3140.31998635372
2073.93969773345
4964.75394747896
1150.75388707082
4653.58323643858
605.956029788782
2243.33635236213
-1095.36529056638
-7529.77993254603
4380.15665980342
1701.45337321222
4292.59334733623
4776.83029795175
39.8723407804401
-6190.58464209347
-2736.79216201552
4242.75187224397
-2821.31544160299
5403.30443303053
2090.2916683341
3564.91091978828
3331.93789156117
-2907.81281600201
7872.81450588442
1841.1802423604
5136.14153523954
6534.45420383295
-1754.1220037496
-3684.10654573556
-6539.66828433377
3499.22076147119
9900.56008571975
-1393.53834353
-4199.37370533042
-1912.56235450242
-1319.64608534372
-1426.61464828598
5257.18335684359
6821.17107928961
643.255259888389
6300.60162533693
7857.70241362649
3740.41823493028
3264.8819780496
-1432.67844753106
4956.20254455737
-1392.64126082389
1221.61190346079
-1999.36311260151
1180.30529627955
66.6023386374136
1374.34133190597
-1542.20946931254
2110.71341670154
2780.84582270931
5140.47712156824
1534.88825780104
6506.85365650893
928.130953812325
417.824045592413
-519.772736051145
-9138.0988003908
-137.438122101942
3890.81440535579
2747.57804209816
3119.37630653094
-6567.45158304304
-1369.38447411555
1937.78575100149
480.95018576421
-5510.03848861949
4364.16034841802
3509.54162801973
-1534.10360709786
1123.27952267031
4605.6080887743
1487.13107424704
9022.77151051866
3129.90151448661
1468.15529122201
2020.67266796194
1899.02989333609
9536.29905850232
1191.29501613747
-1199.49858220197
4256.21100991717
8004.1768640069
898.279167866925
-1892.90550431482
2852.00474658421
179.382078147027
-1664.89903700612
4629.74686589053
1886.37672978855
4613.49639359056
2450.02803901469
-3532.72205991942
-2847.52061197222
-2634.42354016578
-2535.18087030276
-6588.52324501496
795.242132225554
322.806363293786
-3412.36425400436
4577.94356477432
5692.11761119623
1256.60905265219
-2075.96726040818
-2936.38544775268
4180.5710932604
1029.96618136612
-3879.94047776983
3391.50379825632
337.932059209784
-3481.27827414273
-4405.73309458451
-774.758137961143
46.2955784048268
1369.14219150706
526.894554553833
1330.42322353411
79.6518748768187
-7417.14142248137
-5030.64938481925
3722.12489795782
1791.93681392968
2430.90687479143
1513.96947521458
-2922.83475682408
-2721.15153788417
-719.015623997999
1153.64977818541
5539.90496018842
-4162.13579319542
3445.06530291224
-4780.17064848944
-4034.44895824887
1699.45796711448
1181.50021032853
-143.338538208583
8.40909346034733
