125764.22007351
34413.1858600871
-55483.9384883583
-126199.266050254
-175964.673107848
-194894.923335653
-179456.049486958
-151410.970205187
-106291.099249324
-59495.5582087402
-28403.7318471657
-13477.2304311746
-7828.36726998784
-18311.0179073201
-23738.4594513265
-31091.1893085006
-33791.9856137239
-34520.9618369542
-25462.0939451218
-24906.7224658911
-19134.5236878848
-19455.1223412674
-14327.0911430905
-10714.1084430484
-15814.6810854279
-3994.50356446773
6645.0079658718
16877.2521581286
43895.5433227684
53453.0890355403
68053.1880644931
60511.1429592628
47173.8792140301
36505.6062266338
12427.736868224
-4372.82885556891
-12364.2119299928
-19174.7588961292
-19714.6160593993
-18155.6867016149
1167.43958722161
13369.5039248661
14394.184573339
20400.0600550117
25395.1923781357
31660.933876328
32940.8645452426
29190.8730256323
26998.6524543397
15664.4127881084
3728.52527933514
-1923.7281931832
-11593.7372562749
-27201.2421574152
-27337.3591223889
-38351.820962899
-39727.9440873343
-30473.5694246037
-25066.6134797743
-20510.9906558348
-17104.1527582447
-16680.24452018
-21737.1150182901
-33517.0234793015
-43701.8318721669
-45086.4064325198
-38625.6167258984
-30984.3372777808
-23419.9625817398
-12991.5809791548
-2168.22023401718
7158.46618734451
6642.65163809471
13817.5008456496
14368.8937862303
6780.02293211931
4571.54137117713
9601.03351935902
3435.92815633671
5234.35854564511
1517.02465097397
-746.992456760621
-4326.1568234883
-8230.41883796315
-9415.87733588399
-9263.58118709998
-8038.35972664554
-10591.4210897901
-5810.78817668022
-3095.32021746809
-241.153087322078
825.387110740018
1124.23485765982
-5917.75930196731
-142.926160183139
-5487.05381678011
-10144.3134440537
-11066.5235768688
-6038.30128849398
-3225.07247055032
6955.46483159462
8719.96994077725
15406.3793134516
27077.2393383557
28637.4269464331
26481.9722389883
20175.2190280844
8160.76314228388
8250.83681962294
10294.8831311719
-438.038714333811
6206.21217361257
14452.3425681394
13451.4673438765
12699.9312873891
22046.5630903616
18025.5864539315
16765.8045926872
5736.50064119764
9751.61936086451
2591.34635580353
-5504.31980391189
4639.8447034879
679.558765666824
1837.52414925942
-5545.61508605556
-8653.10720521953
3795.30437590637
4830.76990209036
8464.63575694632
9489.67998229654
11791.5167735576
20242.366952396
21991.160562506
23842.2275943819
27355.1588120105
22019.9124421177
17653.4163075764
17313.437477993
22544.6477370367
15553.0774293551
16868.6362637425
7171.59196438731
17068.0413758143
16828.4650166172
15759.6172198113
12201.9263232638
11030.1707184776
15714.190382425
3730.60530350946
-623.232975799901
1541.32055958472
-4116.6779584975
-7106.65595223768
-5356.19121663024
-4115.49695091156
-1054.59121862423
3566.46752595386
5908.08318058393
5494.1441938719
11404.0271349209
18127.9862381833
18067.4620960994
25701.9456095006
25506.8542307528
21590.2665348618
15600.6143242717
13485.2980336313
5598.89133417754
12112.5071755136
12028.7737646064
12816.8278810108
-2113.49900060832
4224.71479484499
366.689304534317
3308.46903887942
7034.12240423962
3274.493109278
11153.1989362655
5729.43697457198
529.436878472713
1156.12319352044
529.483331882664
1275.34742926362
-280.499227790901
359.210768937367
6822.35404135144
8357.5337583719
9652.40072337908
9266.83329897011
13070.4369343687
11862.8993046499
16694.9179962363
14325.3924838109
13808.7142921279
4336.53839360823
-1370.4565415547
-5381.01296554053
-4496.16164853985
-12337.8386998759
-6750.25620444669
-13636.4374455489
-13462.3622208487
-6851.80718287915
-6810.55313440526
-330.782202302003
-2215.99349273616
5805.54805804765
-1004.20340404956
4949.13626327592
1350.02289334518
-1486.52847801323
8698.33320105367
16292.94663464
18098.3075740585
21971.5050443448
25245.2617243654
18911.2779710049
14874.0398240384
20908.2520794985
13955.5792921819
11740.5321870512
8782.57338145651
9126.3244085656
-1893.88968193155
-3849.75658585592
-7455.14435596924
-10120.0856301578
-5621.92858050666
-9799.03228743388
-9980.1827340433
-9967.38267524317
-3396.16356689611
-4976.44517551365
3627.16170638156
4953.47901995977
8654.94966468735
12767.0305887593
16368.5990313164
13063.746444985
18352.4396717151
18323.8215659654
16817.1400654366
8203.3745128234
13117.2070809844
5998.00807746494
5732.03184537488
11271.2046528699
10554.6576911207
10461.0043408671
6454.22188234618
2321.76635092337
-10126.1017410009
-4969.002693333
-7134.71637529041
-11798.3704042015
-10593.0876354216
-1536.61335264062
-8148.71395452362
-16792.3083220116
-416.702336869044
5990.18242077853
5682.76564268294
1041.49266906985
6330.49119000812
8712.78018557934
8683.73273129667
13677.3321336562
7310.8508606537
10435.6537437766
4208.96749395981
5086.29478191601
8720.64389639576
6799.10831255538
7796.96637082251
1111.96132267044
3620.57122940487
-1992.84157866854
-2767.00965504622
-2446.0932272654
3082.41467797769
315.889391718589
-6113.90548710188
588.565006464784
-7263.58280227671
-2148.5472876809
1279.42986686802
-5050.09917151899
-1640.03164712043
7716.568685008
-417.921386127537
840.479207561123
5065.77134152852
1157.23308465653
754.663061722827
-6005.70843098709
2102.01000132346
4464.96625279519
7914.45513659232
3113.00200143755
328.582431491289
3026.93599679278
1272.10397834238
-663.201229328976
3862.104353926
7713.21831612073
7198.34894943098
8174.64603865047
7738.31564042223
9627.73093120186
2743.14640839363
9631.53261135202
2860.03555925986
1248.72359991547
8875.19290826415
7148.12320539594
4484.85333595385
7809.98698525828
2842.52519596855
525.699929395985
4533.64999455308
6345.18473409536
4413.33127102129
10567.9779941604
7732.25676065947
1132.45782645178
3813.12590955413
8227.75253479738
407.119741206315
-7312.18322228949
-3557.39661000808
-2880.81301169044
2417.13904853396
-4452.80363982956
1141.69890019737
8349.43120008605
4726.44268111209
-1993.86678465464
-3437.78191471667
728.345023909661
1042.32636687466
6218.45847006296
7381.50611042898
4240.49700952847
5430.56554339725
8120.22049285402
6071.75389238617
8910.88720858963
6319.63572729741
730.090836934597
205.555511290522
4517.69087253265
7101.60039271024
2079.80843524586
-2349.27139147125
8818.13634802625
9905.19431625953
4782.36528553329
5741.03178529956
3846.55452064953
1397.85303544651
-487.559613757846
5389.53983263577
-1064.42260222724
-9923.7247523495
-2419.04210892035
5971.29280682403
-3163.32311077688
3302.88149253297
871.381509051373
-4451.53535226463
589.832216930212
2558.86102393258
802.917153058876
-729.377423855778
-3126.0639323925
-2999.36498512449
-847.31576304231
-7340.80673583366
-1697.76765458822
3492.82854929435
-1840.29035853559
1933.7369531655
1759.93648792062
9367.63171241337
2006.47460104959
-2955.80940220254
749.081523048762
4124.51304981639
-1896.17736787173
1816.11832423752
1506.71359589754
-5274.12935115223
-1798.25236069738
163.5948570681
5161.95170869532
9597.30864584845
7996.35775081796
8663.56121384722
4961.84371410654
2845.71110381829
8344.2074619415
9973.55138139613
-1238.93452771954
3069.70076903071
4743.10502759615
3714.08371854267
-3347.63059875687
-2143.40295659027
-6040.41812438933
1381.92263300474
235.37276448361
2711.66324107467
-1759.45830139686
8913.95132713371
-7172.08520918039
-10549.0564008907
-8312.10636856697
-7715.70240410258
412.910122125149
-2254.44021449128
1023.80743856437
-2582.68628656802
-4939.55431614592
-7429.95607386567
-3675.41753350864
6978.29319981704
2938.5846697435
-178.189464300102
-1005.67598253682
-1579.63749401483
3364.31195908303
-1143.9862340768
-3961.34514309814
-3249.5120754457
-427.514412349889
-4230.75894615151
-554.073489592093
-2209.6136942795
-8471.81596677048
-6878.91498318621
-4245.77658546138
-6966.54859711054
2304.63128890687
-4498.63802898824
-336.458399075966
6499.11870389232
-3322.27070395322
-4740.8712117022
-6316.66311237114
-7579.9556613669
-1766.45090298017
-498.503302895824
-772.517845432716
-4458.39127281011
-7633.42364145476
-5961.55742839132
-5236.45301017808
-6229.36066062188
-298.925701469287
433.343271690782
-10353.1371715151
-3317.91585961048
-161.878539852123
-10486.4126544513
-5578.97190791149
-7782.97534021464
-8339.69159458329
-3009.08156962083
-4693.26982609738
-6252.92836523098
-5078.26581563626
-9865.18128102329
2577.58507950983
505.258654360106
-2548.52490710227
-724.193050789982
-2997.85227892125
-9342.20684360828
-5185.85298835857
-32.1568999475749
-95.4121907768317
-9221.38165755869
-7203.32744553204
-4274.20515673747
-3547.7105412224
-3879.55822162778
-9025.57387055221
-4795.8554203881
-5733.05884360066
-2591.24156758488
-7946.82376413441
-6884.3820935481
-11815.1745534762
-12217.7163517095
-10816.2679936686
-7065.84399015073
-3712.99959760853
-4563.97710115463
-1837.06250996574
-3894.07328819891
1042.1072245679
919.404190549319
7799.61919308577
-2301.41808776086
-3047.96278660695
-4781.66543248082
-144.614376160347
280.708629760282
-8870.51315258205
-8582.93380818699
281.478919738144
-4304.35295985775
-7516.33111826879
-8599.45467032834
-4612.97701895153
-4087.89385274733
-3713.37368032729
-5941.69923240829
-135.2506505379
-4513.01457754334
-11307.4975760655
-4479.19974485149
-6437.78725321929
-6419.8925191006
-7058.3242459627
-388.122976482299
-6987.14212164796
-6195.65455446396
-7078.63115413608
-8056.51686139703
-7738.1898686098
-11343.6521461734
-3338.61134553734
-12924.4502579044
-10206.9687394798
-10080.5597337175
-3802.70426030218
-7670.62928688547
-8140.97366384351
-9526.80862593275
-6796.60589462877
-10710.8043788949
-10541.6749195658
-11284.3549279938
-9824.29209703347
-8100.90382754177
-8857.18653308062
-9645.95603171547
-6339.79296232903
-11251.8512679694
-12993.5061751931
-14568.1317153031
-9326.77101532387
-7301.21476107381
-5689.78642873852
-6452.90023788199
-12815.7588902121
-5447.95354392224
-6898.66093820125
-11534.1617688569
-11052.3707441467
-7170.89678752576
-18942.8284068251
-11252.8406047137
-6695.11798215998
-8864.73190792652
-3862.50016303216
-8887.59517022096
-14924.4477225774
-12034.0405023277
-12962.5061141069
-11727.7160801946
-7003.13965678277
-4234.43778419194
-10870.9272950685
-11445.5425234575
-3318.74557509847
-6668.30865835524
-7570.14326564091
-6409.7780659409
-2707.8394639226
-4000.98570085569
-16050.2539510966
-8971.37150367305
-13869.5384974489
-13655.508243054
-7354.03344353976
-10307.2648816363
-10431.0707672089
-6700.8326372661
-6768.51668997619
-6462.79039322203
-10111.3455090809
-10627.469737001
-5192.70083346878
-6522.19410476538
-6207.16003333803
-1899.48575156897
-6425.993727146
-2233.62168268893
-2241.34060582436
-7529.56866916687
-12646.0423353492
-5811.18326151662
-1939.39505613211
-6059.11319228524
-8292.2563640129
-14254.568205279
-5933.60548607387
-5063.4016271147
-5781.87133241838
-4686.51658939973
-9278.12498631825
65.4069964060237
-11678.6247264661
-6115.81648152745
-7066.57959626491
-9818.77223951646
-2535.44855421744
-3019.45337486041
-440.196384643249
-10658.4710842797
1440.82000071277
-9801.72917632738
-8369.53260942108
-4929.70035822642
-8787.73837294128
-8258.29466259303
-10239.2965198558
-10016.7859760033
-13097.8951279949
-7757.20389657656
-13649.5640187816
-12770.3135421904
-5330.89999798307
-7202.28964147303
-8500.61461331513
-6071.46534443771
-9550.90577272869
-10883.7061594679
-1227.81332160363
-8747.2131621699
-7395.81523363834
-7291.49259143139
-5075.35605711055
-9380.45864961542
-10616.7596425458
-8632.64554246705
-12851.8718131648
-7583.11007136321
-9082.85374949647
-9446.16737993747
-11288.9952717491
1780.82640543256
-177.589257254659
-6948.40328986488
-14718.5190598254
-218.058922501628
2253.33049446317
-4361.5965380589
-7392.28853197855
-4856.23619856498
-4055.67494566108
-9208.24990707479
-7017.61759689103
-11753.1886278119
-14274.1847744272
-6868.08243977675
-10732.8297997755
-9999.8512660183
-5794.2429685098
-12520.2554774172
-12059.7417809755
-7364.04406649357
-4551.85105203622
-7029.63500344006
-9794.26877754906
-5750.24912065434
-14142.870130563
-13341.1829917387
-10410.6017370019
-10851.5696191809
-5007.88352063463
-8781.82894797279
-6658.38193805437
-11191.1465637465
-7942.54249338724
-9189.84473990053
-10861.7649867529
-9064.03593052934
-11448.2158645272
-2479.32988261074
-4795.16855892124
-4010.77288064388
-6430.46580057903
-7064.95594562669
-5980.52517891276
-8905.96915863008
-5475.31475431504
-1551.49485750434
-9870.53907965781
-10558.5724108524
-4811.5426924753
-6887.38924494411
-8402.64969501943
-5881.91486075494
-6131.90769662011
-4983.25994205891
-1715.10096516193
-3245.28853189869
-8887.83809103592
-4213.07081765278
-3825.54999630956
-10664.3000355547
-9655.52653015999
-4394.87132676752
-2343.66268332027
-2752.01031143385
-6858.01191242429
77.0448054833066
-5687.38760787563
-6631.09811929586
-788.907340857537
-7936.60917711252
-4965.65972594779
-2127.48183031109
-5020.7155107564
-10305.8249647711
-6468.52558995544
-3913.40765851042
-5547.72521466879
-10622.8088755775
-8780.63512398238
-10270.6016700037
-4594.97043627781
-3062.18168169047
-8553.63431651713
-7704.15964812554
-5029.9141907006
-5486.89160451429
-3253.59343423354
2370.43730191536
-2912.28765095513
-5412.88559535478
-5054.77152793642
-1430.73533369931
-6321.93779440947
-11032.5843203393
-8428.92866674945
-3312.61077648847
-1403.22800913932
-7138.16717686992
-8941.28174087127
-7727.76174385117
-5738.9016129599
-2318.9669360559
-11780.2320125192
-3024.57052947986
-2389.78221759335
-9711.84969220616
-3779.47418686305
-7929.90422494746
-10655.7138507902
-10134.7274874451
-7246.40654266027
-4404.45833477849
-11319.8260356763
-5881.13687408515
-6100.43518476692
-1269.308871509
420.730997488028
-1045.70405854345
-9710.38915747076
-10629.9361900637
-10018.4567711881
-10607.4104059632
-1888.4046233644
-5106.51071097341
-9757.7217194352
-10773.2887764695
-5978.42424286276
-1754.25355403661
-1676.20840603217
-3514.13301336431
-1216.66356643607
-6212.0619666874
-2814.09969571212
-2250.50239728615
-8823.01408620272
-11026.6830579483
-8735.27332006671
-263.20657395037
-1211.5391115435
-1418.95960035499
-11649.4443361652
-9903.82888990966
-10180.0253528136
-9712.09926240823
-9735.93813046103
-8437.67269852338
-6604.69727637175
-881.947951521707
-1006.05065657147
-4504.09209623142
-5786.99787923522
-5310.70798530162
-9222.85054732263
-4463.965042943
-3060.62273704584
-720.188837994711
-1685.1448769174
-1669.28252313288
-3091.58233012424
-12324.6838030913
197.477955643457
-6036.41599919241
-6165.01443401941
-12847.3153046929
-10831.6479188144
-3510.16793793343
-3889.35493894774
-5444.43861707656
-4092.68044838766
-8702.48093206708
-7866.78919965779
-13752.8955607083
-6932.05174921728
-2135.22024466462
3733.61878518244
-4310.13227357753
-2479.31831579972
-5575.09607097329
-7294.06711722339
-833.124410824398
-3881.63483761233
-5560.94769470292
-9429.73743493286
-3709.36922941076
2536.68539942314
-1592.47134407023
795.814753226127
-5725.16444186564
1849.78381608079
-4481.42660273947
-7332.79133432769
-4610.73794424776
-5715.38983913288
-3130.47633697042
-3688.88025873244
-4072.93715883555
-3960.78645133781
1216.48954364515
2849.95013519875
-1873.17213129259
-5402.93094955503
-826.356225377469
-8457.30976510861
-6110.85383231321
1787.81095259894
2572.39001983821
1835.93436121668
-31.2699908025553
-1096.54903722978
-6340.21193635771
-5445.79178435648
-3587.45386568754
455.086023912666
914.812740056519
1750.41037806079
-5601.90975041239
-9646.28884093446
-4986.15511596669
-205.039295307857
-3568.3929263065
-6592.46662696166
-2440.81077127572
-4336.81797586356
350.18239853607
-6625.03903221842
-2320.08290184401
-1964.16173395228
-651.377813103683
-2705.36568733639
-5772.75039819454
-2700.58421640665
-1732.26113280868
-2913.79979775321
-651.088939481331
-8431.22585642186
-5379.24427298665
542.620142921329
-377.033136031688
-10.3465146483912
2801.43241059985
-4965.58561323262
2900.5606881294
4215.13513951523
-16430.8713955896
-6025.69319083176
-2851.36388051308
-2811.89772093985
-8507.97719913654
-7811.62273275063
-2049.85516083082
2281.09353748644
-119.601444560179
2487.17008100886
4050.00394427588
1272.82727069794
2933.16679120673
3871.34694448305
-3296.74628465525
-2958.43126707317
-1940.98798440804
-2769.16075824016
-4063.2247008025
643.370759314269
4480.17895447668
1026.76389130984
-4125.00367725917
79.4161559985875
1144.63918061846
-242.732622904903
-6073.94301128397
1816.68975807176
8424.33582821187
475.508177525504
5513.61719530192
4808.17087611008
-4861.28109514248
-6316.12625510155
2380.48823992196
-2116.43069461606
-1487.74480718208
-1286.17457107684
-2302.18138890032
3637.17869415521
-808.968269104383
-4882.86777560198
-8095.31762506066
-1824.87862266259
-3532.58811195682
182.680923048931
-2756.06593690139
-4.75492037268407
-5484.8432357552
-825.986194639927
2232.24117636657
-1816.72562041912
-2466.1504132942
3751.08310153716
3447.13170870817
3322.63037581993
36.0877586920681
2255.8643253741
-4506.90876963868
-5450.98536869737
-3301.17841073967
-3668.59355326108
1609.29356970891
-1879.35124166879
-4563.29190494188
-4354.40641480207
-6444.22190167959
-107.003546398897
6227.55047359466
3119.01839647414
-4542.31203469637
-4897.30619782036
-8174.39555942349
4006.961162956
1866.64406259177
-4796.37709807683
-3458.7440881724
5177.99551287413
-1024.04096515519
-755.459900086492
-3616.36554946935
-10811.560551632
-6579.72854519026
-378.790685138409
-5497.8825904279
-3563.31591435703
-512.792584455224
-6535.58239972245
-474.609441319244
-114.1638394094
3335.44148183411
1637.29365702454
-9589.49828940252
2312.24163311042
2802.63382525761
5116.12456037024
578.242445918766
5242.38284391475
4552.2458349988
4632.7759917124
5127.30102819156
919.1976286964
-5295.43907069458
-4022.74068834261
-419.757022598088
-6092.33644591316
-1524.20077808757
1528.37818076843
3004.27836444131
133.73858020351
58.923823922948
-1238.396592254
5061.49346792661
-2442.87886666646
-2933.21641123272
-6793.57254797799
-1362.26102627456
-452.369689187529
-2998.1204208596
1888.57569266633
-2722.36085359216
2651.09116042833
-2487.7075783064
3814.03650669388
3169.61550415319
1442.42975670075
3018.39321955723
-1173.82679595393
-8809.69211995805
-2521.94170601904
3406.67460405693
1361.33453950661
8108.84823439927
4207.84929412299
7071.83053625657
1200.78734826728
-2762.9551955437
1625.75764225091
-1735.64377983715
-985.770897442452
4481.81357371067
463.560344106701
-364.055555750279
-358.423509937919
850.473413851156
989.452910364419
-1468.69103448662
-4998.51248614997
2860.39929480252
4571.03485745166
49.6770064299699
495.508060439614
-5122.53328896263
3195.9365889945
4531.50795085837
636.664142288626
-8059.75854282159
-1287.42644035414
7335.82632429762
6184.54970605931
269.892690658948
7143.62900263745
-986.240325943225
2673.88757893431
3568.39657071838
-324.95130515161
3956.33212614717
2628.7992986151
2970.06274879309
394.295451695001
-4950.56402951614
-3369.94240511052
4786.02829442991
3460.99900398772
216.597263601597
2963.7144025303
-797.374266158373
6530.51288550135
-1329.19285924017
-2429.1312020925
-4715.44066207201
-3323.18814679323
-124.115582589982
-6319.0710213647
2283.15014875952
2278.60969175395
343.00727226602
1795.94945574011
-1230.59944384062
4267.951596044
-1226.36225200548
3748.91295139409
-2265.88563931561
560.918667540395
2404.01652935403
5025.25367002043
-1843.58769748286
2498.17162769686
-1143.29691842107
405.448499907423
1297.30432133466
4706.95709803593
4209.1088433851
-1680.58330516733
-1303.00151891417
1197.16294081932
-3903.46799064565
-332.967389824552
3081.41569784777
167.842511554839
-7393.5195268248
-4974.97803163161
-1996.85545250829
3477.971296617
-437.233938809583
5194.84949266955
7001.57873375592
-8974.23667429623
3646.05491037396
6693.93225435673
-2039.90005086934
6779.56530554076
-500.150848837336
-818.42060054674
3.58455603096964
6119.80931295951
10261.4884468795
4206.93566622615
-1819.29301506363
8049.06305342392
-2920.96386729718
-583.208620544429
813.740580730258
-3.66820735081043
-4468.61361060599
1129.95540404441
5253.60287242733
2056.52012053892
5932.67217244964
-7315.91690086187
6321.92029602134
8964.51723322538
3276.33899283028
-572.877114942684
-392.641932559279
6630.03000389721
246.536316468612
-4156.50396729047
408.66581787257
-99.3726148261172
3228.21842720737
-939.771147116923
1251.13427870946
1514.532390257
3370.39452965759
-3797.42877173632
2622.23421417773
-4689.29550214771
5929.06126731508
346.219040458791
-2018.69760192193
7613.75710623431
849.626934821753
737.330811954882
-1280.84128764427
-3430.83477823757
2130.84163248442
5922.41434256304
-469.892559156605
7318.650610442
4305.2261343966
3885.93476732161
4385.70797047433
2985.7361868231
3288.30099472037
2094.57590126113
-243.004228040393
-3744.5457071387
-1787.08995571066
-6045.26488025235
875.070198546689
-2528.83424042179
-2392.77733127472
420.446771122271
435.328365811847
-2127.97170443163
630.19168236434
-4128.36414764184
2350.93067337857
2209.66062904771
-7431.46139429241
6114.29884372415
5058.20993027983
11.089923591965
3367.77363908707
2103.67386267553
-39.3338175665995
4441.12498255375
4634.61614618816
-2879.7981330654
-1587.58799283261
-1041.30440240056
1412.52737089775
2774.85815604529
4753.50440846274
1513.5822967119
5001.08934773153
-2963.7979003997
-1234.2375872339
10743.0453989945
418.119837436229
2762.69972987648
6289.98389874185
-3324.75083321199
-4835.66652615049
-8261.56453991671
-3101.81703647466
-319.619719778394
3313.23928711774
-12.9025317845695
2141.50093835527
-1519.35883578169
-8819.46639586536
664.94159351257
1946.31288238525
-4634.2542798687
1122.58931908375
2323.12099304664
-1219.00111898871
-8587.43591908755
2183.5219147802
-2265.51773884347
-7198.14995883576
-210.237445732229
2125.87534324491
2258.31267257779
2549.74910606425
-1277.67842960208
163.785356078406
2482.22538422403
2407.17516085275
3813.22526663295
1441.28578723758
-3808.47950434894
-1132.79663789706
-2279.9801475298
-2581.29925783268
-468.183274761038
-4787.68319345455
4299.36651617277
58.2871111889491
-3802.86919289006
-200.677735969918
-476.540931563662
-7521.9756895219
5615.89123418985
4580.30640316146
3667.07739531099
-157.624879095216
3706.56246374706
2515.89875983998
-5343.34582398536
-3060.26358295081
-1186.71735864615
-8063.79934742372
-3006.59109573078
2915.34842488144
4651.36902084293
-495.408965230631
-1076.64459957357
2456.20146911512
352.325303975859
8482.4132722833
2325.76657323494
3753.57047864013
3193.97912166258
-2821.38871150353
-4520.65765018637
1808.04694688805
-1167.96678853829
275.345076143118
347.128218185484
1158.12554571524
148.742154648644
1702.85237727831
-10801.9750818908
1396.27426152129
2728.89054371988
-1575.68143408739
-2248.85630288103
1748.67356771215
5438.05476479955
-5419.53384302865
2071.61963815101
975.865548577417
-397.110420023908
-2757.00613864407
2630.68113121373
283.91567315016
-19.174462620186
2281.46025228956
-214.1744697456
-958.856672316271
1374.74909496947
-3839.89193159339
-6852.98470806764
567.957235906889
-3855.33268609146
-7072.61898120895
-7220.64723443407
-1155.97028588259
3590.55418921207
-469.876330518536
-1385.96718403919
308.307025238908
-2733.10140354872
-1848.4003392369
-1682.83836942012
-4713.1864151752
-1214.46778183388
562.249568341722
4240.98111377496
-1287.75181292575
-1353.14604241007
590.587751269274
513.648207509054
1719.31128874603
4592.41270397263
-3386.67747978135
-2833.18757478741
3365.93827564767
-1600.09209197865
79.6439641581021
3745.11633132187
460.723475909406
1272.80115414749
2166.08023936885
-2432.42392501497
-7284.38759939744
2013.95331799507
5239.86033860639
2869.52009125195
1281.25399450366
6118.54632774714
-8262.38674514817
-4507.07431634881
-3400.01107434467
8498.46022336937
6697.71045664202
-2826.66932302985
-6962.90835101742
-5650.28388734444
-2650.02309674089
-5787.36887969944
616.408947198304
959.319094806953
-9589.0426980304
-2558.40367703723
-2665.28864580419
-284.037619370124
-2431.38544921104
-3281.93795453081
-1918.87030382577
-3838.78422819313
5736.47286054881
3441.52718338259
-6548.79384941268
-3386.66657380049
4590.89742376995
2426.41554377103
3283.63312061158
-2224.62047543243
-1519.64146204961
1332.8653252833
-3056.67742229825
6262.02447192811
5698.77736504395
2433.39525534447
-1304.56701910525
-7325.55884294652
-1515.22838117307
4497.5400968803
5946.25436841643
4334.21037087169
3518.26446276539
-1657.27719719587
-2372.27070361473
-2892.73435831254
1776.94970868282
-2559.84609875405
-2908.86158408548
-5262.24162466904
-4806.61940640598
2100.24508592747
4085.69748710848
-3726.59777565189
-3537.52907338796
-2390.39745466726
2357.54251271623
2353.1718172568
-7523.8922926376
1076.92957022794
-820.809933570057
1278.65876721833
2289.73989582169
-878.104695686395
4062.00658507901
2602.18979220575
-770.227956479859
-3516.15184273849
-2167.86225554628
7024.77332136219
5082.04449735805
-4001.36904108676
3527.86525739691
4540.02103193991
-382.891262166207
6453.79421182457
1579.57847415191
-29.0953185427082
5777.64449488376
-3024.51510057423
1094.89163879604
693.364536319596
-3189.23026456234
-802.144104332422
4065.16854528041
-3885.01837885969
2232.7422417803
-3244.98041924759
-1557.21288185945
512.711588303402
846.792565197713
1005.53776899347
4804.39438148329
6159.25758673453
4085.59797262797
-475.476102661188
-4562.89614137815
1488.3885338527
-3336.73122712863
-980.487141153138
-663.424688272268
-7091.06104824219
1230.11975004672
-5039.50066389588
-2543.88343165845
-1192.83002548726
3096.73417850605
9460.70468436459
3248.73453483154
669.433107881521
1807.38104165684
1121.01945068044
4978.40928665732
5148.82925908069
941.446888971633
3588.30595757392
3795.28421533637
7157.17728684858
3578.82481991659
-2722.55155749721
-3881.83014585943
2771.45057123182
-863.41057783202
-6604.69752635866
-3283.50195820617
2845.73370249996
-936.749415955792
-599.132393242058
2529.09037552153
-750.424668684902
-291.374540106966
-2530.97901555619
-1091.4724917085
3263.26044469419
-491.684207224439
4783.52880260971
-4089.23599340601
-2173.86208039683
864.759000173142
1887.36382041941
-2723.00171904796
-2802.42961255863
1516.59880544408
-8312.47803808381
-6914.30985791187
-2976.76633610292
-3262.76155957367
-586.579780056341
-4060.04269834086
-3066.79323030872
2180.93508565797
-1299.46205485865
3143.62727243072
2314.9164044664
2215.74533756408
-4280.24653972085
1359.90187792801
2502.43853949844
6983.00723591891
3184.18072747011
2389.63290085662
-811.003859537127
-593.070283695596
-1984.3101417229
4468.48025009671
5378.33511412646
-2340.0413236848
-4132.90280562806
-6950.81838688927
-2887.92526223333
-2704.54983549437
-4059.17804595685
-391.336069109983
-75.1145376219673
1797.22530640378
2281.10955745317
2847.70961856452
-2522.4634041807
-7187.29201618284
3972.40021813564
4951.28941854379
4446.08553386887
-1127.82172710486
-886.930002325364
-1308.93613516924
-886.279931541103
1327.26730359051
-3015.63990450566
-2786.24652226311
-1252.41170850275
-5874.25563880912
-10049.2409000149
-5193.09090348348
-5472.56936681506
3819.97701659911
-2763.13848604758
4449.79903156872
-201.835385248015
-525.615325425514
3769.03613676797
-1520.03024534511
4498.34194820657
3340.55987512198
-792.558992116102
3005.80095734064
4353.17926559658
2915.70983634732
-178.132119687354
-388.530720114471
4037.63674531663
5648.05411733818
-866.278015747044
-4093.51022011717
-3545.41248658105
-2062.24401991219
-3766.49476131042
2247.44610461907
3160.61509700102
-1931.55192085331
10101.1008968604
5456.43217339176
1357.72069467533
-5136.50370175505
-5280.17569641094
-6140.22614665583
2557.53561429548
7251.06997082071
-6509.09524984407
-882.110070868632
927.573587542917
7359.59429058397
-1566.39625978049
5619.7104741995
2589.92777056541
-6044.34624822945
-4319.32169119079
-706.137514030489
1515.05353791219
5396.2373129263
-2769.99624561978
112.04043997009
510.65621560553
398.031370657369
-340.307124709739
-4341.07460885504
2051.7690799988
-1219.0038812888
-5341.26750758622
-3114.45858513188
-1834.89689018137
-5734.88779013979
1589.10535740595
6671.46459651791
1736.6874553646
-2593.2150668888
-1162.6194453336
1266.12166660062
1964.29496853743
-7439.21770204198
-3479.5955570771
-1549.34369375562
3168.63061992422
4514.41568082102
-2617.49223814903
-7009.37504167674
103.764983467494
-4752.26781194958
-290.921731349955
4079.71080176819
2187.22242244385
562.584191031614
8234.50621188454
-3483.10621809266
-2488.21904308457
3042.08498105222
4602.76428165794
5183.53106042829
925.54848672249
629.865147751406
281.763123618674
4911.81321011634
7755.95285223243
2987.97088784606
1042.92881060601
-7567.72772681692
-3579.91047575108
8081.89245636192
2433.04506726157
5559.10632971744
3351.88105328984
338.682208368084
-4322.86462423414
14.3990099321139
-7735.05011165299
-10488.8219417332
-7177.19963525267
1654.26545806476
-2602.28839888752
-4710.33447511082
5702.26742159342
1834.92430944411
-1669.1182355269
1478.66131086546
2396.09576238956
5818.22166550564
7800.05020247875
3349.69648349267
-1555.53851346971
59.6127923708526
4617.84023764399
-3144.58147329281
-1337.90326411312
3198.15609322632
677.680943020102
-1232.33030420495
4888.83882033422
6335.51573731238
2661.56743868487
812.58671335169
-5326.60732061894
-3107.87907067054
1936.05454852353
2371.49973896113
-951.659060114596
3589.10627241102
125.789296583126
3970.61326904757
9324.75899610424
2645.58742986071
1510.5596551996
2867.85492851654
6021.20078175072
-1013.86224249786
207.844584414847
4998.68341167902
1340.03713010133
5131.58119960843
-11131.0723932446
-1282.29769599224
4364.90877798982
-2998.45714149721
-343.971885116923
1519.24044137287
-586.13618861943
196.240316203883
-131.793562876254
-2794.83286036776
6976.4152440677
594.649032263427
-6649.63089485033
2101.97445468843
8565.26435511754
-4554.73437273244
2099.72326513015
5293.03950545151
3020.42543997623
3928.33648108613
-2752.90453675642
2591.92243803957
3843.90829184268
1290.03307818252
-2394.25233058478
-4422.47530290618
-950.098332306004
285.912476268331
1437.61158478056
1717.15895269242
1570.92299782422
4207.99340977155
4503.59384605741
-3519.85931013347
-9801.21323207608
-6841.53591640993
-1443.29297062692
-27.5654985000544
1995.45500132484
-3655.097202296
-1950.53661281259
-4220.28601925995
-3748.41568405535
2044.85389723342
-1250.61075897107
-4824.64590826396
-111.774821806241
-850.175368236744
225.262864595553
6112.52736430076
3564.74983981261
-287.691601898962
3002.36968296589
129.526719309496
9367.56194970405
3492.98264676503
3211.73791460176
1121.1110438289
515.934417109649
-3476.47986503831
470.078577961103
1923.97462551165
-3243.73549995394
144.079697949715
2314.36553745211
873.045239741712
1105.08507326098
2780.4160809093
4746.06428506637
-1274.69196984562
-189.796775308968
-151.637994990438
2192.22403237494
11731.4894774818
-4631.14574816807
-3480.40264450448
3473.41531957833
-892.176510336465
-1963.76830741078
957.103955210214
3816.15386601156
-1333.1705416276
1196.49009267064
-5109.59370195872
-8755.91343043161
-1649.1604426801
-926.626039643029
808.997752911175
3378.66039670634
-226.818301285836
-738.026577204545
3636.95174694797
2933.50666152246
468.196068866284
766.512879061634
348.975077606264
-1220.75021915962
-1568.79384666593
-3985.21445941573
-319.476333712838
2131.83468122762
-2807.21867754682
-1796.52257622858
-1803.26343409531
1542.42352799234
4916.09380510796
-2866.88517112886
-794.523426306349
-1460.05196438576
-875.063000814711
-2145.4708867809
-1973.74818536665
-5636.74638221774
-5014.57941830236
-1915.30322111742
1605.07233765856
3473.41771992344
2850.94940098715
2488.04676680244
3762.49274456026
1529.90105486253
-4918.14626982954
214.228434869603
6367.95411739489
-591.621625953499
4353.91292895626
2214.97287225164
1995.24191603681
-5416.73611052972
-1879.45823998683
-5242.24955380829
-1317.19314341823
-191.711981658353
-1071.62993064034
2361.77143142686
-1740.75185136854
-4354.19106730449
-2835.73572096951
-10148.383511895
-2097.60048022882
692.55501689646
1262.40348437492
5936.90274037682
3646.63470443991
2958.73197392753
2067.54966099401
3268.61898336618
4647.30831598183
-1249.52257585655
5038.99553262037
-4145.07444266206
-3616.75319216815
-2544.18688995591
3630.05061686323
1713.88173673449
5415.66999746032
226.071647171987
-1679.76500847994
1962.2713327179
-4982.58431163548
-2530.41531036263
-2211.34313832931
881.100201003565
1158.20795832453
-6876.43609026571
-8595.27045625924
-4713.28895035686
159.537656862655
-2781.85012514419
-1731.36305032508
658.785046239753
-574.197993113384
-1337.54211020749
3145.17781792708
2837.26678431733
4818.15959252961
571.820614806902
-350.320086649268
-6050.83810078492
-7144.200780712
2629.99238558248
-1686.25342455767
-1414.12393844269
4630.00529964516
2309.13578916936
2058.00818457425
-182.145925450285
-3045.22896475767
-2881.47229165295
-1341.88257612854
-1158.32995604634
-4869.9187996143
-986.620079313852
-7459.67781239493
-3911.67513523543
4.18409091234314
-1226.62222979656
-747.698276536504
-3610.00710645546
2099.14574798922
-370.292104357684
424.094242743882
-6249.37965552422
-607.293085733201
5089.48084594321
6157.45778529961
635.948878684784
3791.84987392189
-2511.41614703557
-3553.85773670831
-4603.97165421119
-2422.01972958943
-4598.14078962816
2983.39832503048
4255.9097028642
3569.60955182124
-8595.59842622817
-7006.68302778654
-5620.68870798079
-1176.6683897542
-1557.95945043694
-253.501542190066
759.87224420347
1821.90163061145
-3062.18470852326
-6689.23668167286
4325.67908002488
3124.12571173547
3096.48829064048
2518.50473358474
-194.349440723381
1933.98827021756
1950.0357032979
5472.70459071961
737.250244713901
3888.32144610255
-3647.33547033596
-5875.70484882808
721.353846870598
-7170.4981882894
-3622.39791079568
830.842418885218
-1430.93390183899
1452.58101871504
-973.97438424781
153.59371974663
1126.55342753811
-6007.80032372425
-4702.10324436413
671.591244506531
-1853.96350545394
-5015.23215205908
1886.47143942836
-4083.48032021141
-5951.35844000741
-2117.72524195989
966.77125831877
-2708.08336080579
3305.68968537714
5566.08180420271
-1081.98293319307
3443.18041300033
1023.81767006512
1891.91998399115
-1315.05454126096
6162.25995087902
4448.79965500681
-5119.95635878214
1253.0881571966
3149.64637251436
-1802.36864557042
-2127.97727396979
1071.89121012881
-1860.34990751933
72.2799709551755
-137.451689702261
-1797.91280183496
7428.38489079711
6807.27416990741
-1935.98649315402
-120.414361903238
-540.889169610391
-4020.02530599743
8583.33479367491
-518.402653785864
-1288.13343445865
-6112.69394370623
636.300608960873
-2211.97282703404
-490.819549283219
3033.72229219986
-1826.85384369377
2869.6917432266
-1931.6019925559
6236.74042914527
416.36938463285
-2121.4030446876
6558.1444810937
-890.677146807382
-208.553850464629
-5356.96030859279
-5984.49963377008
-577.871120747107
-628.591954083631
1004.44318794723
-2539.61803800761
-75.3544138372553
91.9606545896918
299.337574812833
-1102.10340294595
-202.903298013979
296.28195142237
3891.7747423931
1576.92454140808
4378.06416997534
-1328.12779563185
-5727.30906330094
-5051.88560392554
5189.66403915459
-2616.6628186122
-3766.29928143933
5784.89069040365
-2039.94708042494
-447.350748083607
-3920.9692843767
-2214.61480562132
503.299567298931
1118.2818451114
-1342.57218833311
-3323.94003500974
4326.86671468308
2352.7198975916
3318.94102996722
4531.34582210452
6327.6156306095
4144.21918927588
-698.903878771836
4228.61816136677
-670.758239622187
22.5027503699371
10165.6307703663
-310.54178522881
-816.440711092712
-474.141679718828
1415.82424887878
5589.95785035503
-683.428922699744
-3815.52010011385
-1839.97462756966
-1505.71607961086
5082.11767254325
3145.38194741493
2172.22857885008
539.006125842698
3202.85924306381
-1292.58188885079
1128.22091063867
7274.50501397907
-1637.3746711937
404.927736026378
-519.42794011913
-357.447258216746
-4571.17236761853
858.548748656875
2896.13278634646
-4092.28790064855
55.6329923415443
-2311.02054458567
280.132382657795
-18.1394676870788
-2.60267743414004
