869316.803058684
783077.448625379
787990.715470616
635623.904726791
453032.404514421
277680.281093537
117405.920419423
-482.022812678704
-64645.3428012842
-91834.8664984412
-71522.1270874987
-57243.1586489845
-43872.0667659743
-40404.4328124728
-48750.8193134661
-79262.8431465113
-115917.25757318
-145305.699191333
-169212.451064823
-179715.169684064
-160823.152502412
-154694.375186248
-135767.399527149
-141102.026004786
-141463.736747488
-149489.884851211
-158037.062240461
-155424.443678914
-146729.307764743
-110610.041246427
-72166.3294002285
-15347.5536277249
48622.5535361854
83954.1447267959
105438.541068865
110781.091883644
90702.9528489869
62309.6776639615
34202.6418380425
11739.6659209998
-4684.79103008825
327.351205767212
9041.27002411227
13278.0672235363
29553.676496025
45531.6434617177
68188.6735724885
99246.5996407666
117535.372768518
131614.453209342
136263.795340529
137907.776777402
132230.953233482
125575.871126545
111628.187114269
106151.498690242
105219.258681787
110629.31352628
106881.947704583
130306.266266821
152313.21117908
157713.491931814
158118.11541379
164791.819647886
148273.426383398
133893.374296935
114344.74509944
101043.410254718
85182.4985758611
73640.6371614123
96015.9032226283
107420.890880804
116119.572595827
137670.071869065
143283.763775473
148711.846220364
152973.662556906
158062.5276235
159237.488776442
152656.850282712
153756.852049739
160865.167790218
176491.570036219
172776.575664892
172804.525896795
164243.723471508
158175.990013604
145960.248498984
121796.458792328
128410.320940878
130157.653644888
138052.98493059
153394.309831427
171164.343250117
172867.689511988
160344.214572326
162913.255200844
148503.333330545
134466.305108729
127794.421979809
115467.376513748
92837.8157538656
104051.04968385
105299.006173363
118049.47266587
129882.191918182
136042.931427815
137281.088695648
131865.379475836
123489.341879365
111739.52535558
96236.7209019266
82762.8714712702
74759.6479140959
71795.3535292154
78122.3767665405
83739.8319604208
79812.569215838
89937.07594438
93544.2139786578
92853.5412554641
87774.4983087411
87143.7005435815
85364.700316418
79345.3037328074
71447.3607354215
62593.0366577464
62854.5773751551
51624.6747900817
33628.4028119001
37802.020361556
29271.5201152737
35122.3232981143
34425.6367561142
28999.8443263751
29542.9209236481
37674.8202785924
37360.1040335099
29115.3726723873
43498.9373345329
41418.6531816494
42692.6587493304
30028.3435505371
39215.1884439856
27928.0313752068
23753.276385364
29087.7835776057
16969.3266744381
26866.5646788643
30830.4231728579
37343.4595952524
39963.1003243727
29553.1367798503
24358.2374402577
27659.8045487181
15378.2910432644
22375.5926840385
-1431.15699403493
-4753.52986981882
-7181.91025443872
-11829.6126994832
-14666.42798127
-22292.9345282661
-16206.5411533372
2428.23521413807
12498.400728262
7546.30465258426
9443.08690857724
18789.1647205801
21662.953442783
17363.9762128142
13305.5091275492
17959.3980545057
11950.7602517339
20492.343842432
25406.6998391104
9634.44502715602
12864.9510783702
5919.95669999638
8615.84612081879
5958.37212447039
7346.76816177001
910.068900681543
661.865366200931
-8629.95766567979
-6229.89836573094
-13742.146928686
-16034.016010188
-18606.4303729884
-12750.1411797694
-8182.31977292897
-16215.0297546286
-16862.9195883133
3296.32788922121
11372.8625328181
14127.7693093525
18881.6738549068
22243.711362802
31174.8501100503
38530.6615652627
29395.518562521
24493.9514681863
14538.0996666306
-7649.96379566756
-11416.2384160395
-14234.6235349957
-18946.3788024339
-20979.3386341282
-16335.5913144748
-20666.7774646538
-16684.0243042534
-9495.73519251974
-16217.976607018
-22243.4409726707
-13945.5780148646
-11123.0761530713
-3543.80821402824
-8041.90026839031
-6310.58102301539
-1211.35286179508
4749.70880764803
8060.71906740256
13800.7577486534
17518.3423312488
15105.3691704798
19296.5407654783
24956.7956921929
25997.4920936788
22449.7887725106
22622.4469415637
15976.7687974757
6738.00707972464
3661.1871065521
-1059.13136619166
5207.47529527313
-7133.0738470471
-10024.7284983889
-14029.6162000328
-12583.3238093617
-8328.67103980891
-6499.53257556883
2481.45283970847
11583.2689727406
9062.41897716245
14061.66377141
11567.3041832359
11019.6759436034
10152.5264042378
11370.5754423432
12055.1028288478
19262.0817223333
26044.5729204058
11467.7515823449
11341.6393191527
18864.9407801386
17406.5554499476
15305.3650744236
11045.6098220802
6832.8574581053
5343.11317759331
3667.81379248696
-2354.02700401603
1863.51005196045
-9905.87428403023
-176.631781430227
-5346.30944547362
-4397.66459822501
3193.38832017474
15353.1627387208
13685.5201308304
15704.8731425484
17559.9548294295
7355.10235282157
11674.899371341
182.054188890178
8468.73918244242
10018.9211806784
7292.25657873489
20375.312774809
9509.41591078115
3060.31007856394
11386.358474086
-4000.00304958354
4660.15414298875
3882.94251949985
5833.74586851544
10706.3192822612
3092.44934885294
5743.69142593021
5035.77300537755
15095.6576411839
16835.5728152303
12528.2616593982
17311.932527938
14461.752596104
12824.8752913147
12235.3502195638
14471.7184955324
18036.5668874345
25473.5818280995
16744.7629869653
8861.46643935705
3461.72294812414
9795.08485405673
11720.0985795738
1532.93118489006
3528.53541958306
5846.61560107219
-1502.34391689651
5456.14320248819
3493.09642733592
5721.43700812461
9882.26330203891
8744.14266141926
6389.04129612818
14696.349740435
8222.24418521333
13736.5995827948
13321.5299759334
5024.22408480843
5127.91685094102
5893.63395942403
3184.42322693225
3451.763093197
13157.528177265
15865.6072316392
13910.2265730185
13743.7636287311
19987.015778721
13775.0381944925
19262.2597212079
19862.1516426478
15018.0289504218
7866.42634734966
14858.762517997
18721.9182829824
22329.905092352
20553.4311711899
12651.7083292942
12952.205334903
20793.2583886396
23115.706004862
13070.637638463
5416.62949873892
8783.15449644254
13235.9960561024
9875.81151062738
7739.07000128404
520.865306661553
-6431.43853599615
6912.4732764229
-4269.64099360805
4548.23619520376
-1335.07236882538
664.057249584311
4786.74083558549
7131.6174922624
3928.96520093022
7828.3995307587
12917.3772653176
19318.2999060606
13361.0672664003
5923.14425539808
7892.4426796787
13534.7542074347
7724.46665920145
10315.677793192
11041.0780901633
3811.06009580427
-4911.13788300729
3172.57278430627
4049.96873015836
2777.28766425372
1661.41236412826
2543.68633106995
4781.07994142028
11511.8799597097
8978.50816461069
-122.686455041365
4326.82032913983
-6518.81880375869
3674.78774139026
4929.08728476048
3014.44367053769
9354.36585719368
4048.89379568358
12018.2392184674
21550.7689063133
15892.9651111129
5842.64932819356
14079.7202365565
23355.7451436437
16322.9743020018
8576.42491007869
7480.05335700408
7661.47453963305
1832.4468728293
-604.928603619286
5954.50846218377
7976.65084051089
7533.9303290661
6492.40181073059
9539.4923457663
2593.31506770504
2294.90089076552
2951.5726808068
386.834528303477
3891.00716414902
11308.0109780349
9449.07755668752
-251.681608797439
38.9060527297543
11870.1299853296
12685.398639145
6685.10762541267
9430.56672506781
5753.357595507
10726.7114441459
-399.823178219347
5121.79259428202
-6783.73525322502
1505.15629295415
4459.27715280081
-9080.02365312304
-11887.5666891588
-15081.3101852702
-3570.17390723544
-457.770604349943
-3898.88048788497
-684.925439371211
6355.30853249533
5150.80146533788
4221.37206419846
12574.6616447692
-598.378451670552
-2165.21042522767
6623.0173915553
1765.41007649591
2719.00131048242
6678.90660737023
10435.6656240993
2527.90697098802
-3385.57301903971
4477.02316790746
5918.18278966836
3162.98362048896
6173.36587923786
-448.184063738062
7465.68124564408
-5610.31194133053
-9570.23716313856
-4981.8553234389
-6108.9354545361
-9389.05078825829
-14065.7690994606
-3481.64013667129
-6440.90525439204
-5853.81056688268
-1541.55349037092
-4282.66214252849
3415.06407449579
-447.451303957085
-2021.03839159775
10487.1564303815
6447.26389401838
7426.05786682912
9068.20567467182
7396.49098699528
-3874.0970209325
1681.75121981872
8865.90744296809
2459.8805200375
-3037.79609670152
-5865.76215462657
-2490.27502016727
1266.62910277855
-193.521859053656
-6596.89795279233
1838.43996027516
1381.95063321572
624.68869802903
-5235.8180522546
-6550.2556464027
414.574283951872
3455.97998558523
3060.84756369563
5374.66745474559
1531.14816882419
4705.5359767179
6575.41487130357
3541.66133814145
-389.064039376191
7590.30098483776
2059.25791458708
1391.61032941876
2580.87739403951
4021.3213073932
-2960.78581141658
-9687.7229353651
-12898.6376212813
-5931.33733417395
-551.543872831029
-9828.71112938045
-994.85909693808
-5077.68532198672
-7608.84076585245
-7412.20444631595
-2718.80591821988
-5296.3582123575
1619.2885166732
1465.60215313482
-9440.00409938639
-15821.0278683799
-5530.04300537007
-1233.79038588333
-5885.69369979222
-8785.85575328328
-5144.16046062791
1912.00084613029
2373.44452792898
-9195.40907251022
-10653.2397115924
-7265.39946569209
-9099.80016111828
-6949.28338916592
-3566.44053610326
-1065.40066830291
-3506.79264673234
-6365.46064209833
7163.79017977538
-4945.753543403
3193.58301342223
3120.93296228004
-4353.74411686332
-3078.96628705596
116.027508898149
-9826.87618444402
-11172.734843171
-8140.69948946583
-7947.35209059531
-1455.71738934743
2783.85399007166
1006.82348199276
4361.9309239036
-633.383312741296
-613.658500013507
-1922.6985348923
1627.99074454057
-350.662239242126
-7594.61859729324
-12047.5561171873
-3214.97582913081
-7247.60378283339
-1171.96095648685
-876.466920440721
-4648.13582623513
-10029.9424197466
-10341.8777180152
-5981.53957705484
-9595.99717542931
-5143.27883450116
-10750.4374192384
-10200.8535267266
-8478.07688466445
-8419.15982294385
-957.734351809894
-1738.92288751841
-11971.6409238078
-12982.1685779621
-5881.86953872503
-14934.74155803
-9478.78884429121
-9477.2853623829
-11232.1927908614
-5661.31562752775
-12465.1532794469
-4999.23292714497
2633.46832030109
-10429.4414589869
-12763.6071608405
-5606.39063778619
-11425.9507321493
-4722.73372268175
-6788.83469234313
-6796.48758058736
-6177.57017297339
-4371.4881505605
-2868.3903034804
-8492.41927736016
-5064.09667700516
-6843.84522877261
-9424.23795712799
-6099.64699135015
-8641.3798923918
-6315.2866847903
3336.07854833916
-1767.55103133716
-8973.69208113737
-9502.71178829444
-12498.3645929307
-7052.17941290858
-1674.3708735415
-9434.58533989121
-2542.68885415461
-9066.68811860451
-5464.9404417924
-6180.14063959264
-5024.48791374408
-831.489879230518
-5749.45587209639
-8323.94012780448
-10620.8704926905
-2382.58583099892
-15541.3975963393
-5688.20055186731
-6557.71849145884
-12509.9146341961
-4601.09392308909
-6247.92883441588
-10017.0730313064
-9017.06996382423
-9887.93203419303
-7477.65557210321
-7649.56068407747
-14096.3029499374
-6295.8139535927
-2946.493483575
-6931.43167546592
-3440.82816863312
-7275.83973380814
-6876.22044232378
-7347.48547463335
-14415.7476814046
-5069.89769336821
-7004.87473109198
-13524.1101211066
-12629.2235712326
-6722.14530150048
-10608.6363997099
-7871.93503185051
-8202.52116973894
-11569.9069721206
-17887.1007711383
-7134.36489536846
-11136.5023066736
-5922.71425763069
-678.908504635555
-7407.96319999604
473.084558926978
-11389.8640327487
-7628.87258233583
-5751.23824474183
-1454.12913909093
-1083.49730842127
-10994.7626162957
4571.46550390392
-1726.20584670845
-4926.37311460279
-11520.0880027291
-249.998844468376
-16572.4535752921
-12100.580176761
-5394.44330731869
-10019.6453113667
-2726.72657850164
-6964.28599160222
-11937.5003571081
-4084.69035868916
7392.87534822315
1490.3578310098
-848.144333503081
-7160.83707354913
-13572.7738771803
1851.05598831908
3316.77298026244
-8678.57860226218
-7770.62071389193
-11554.5621110816
-2835.21450364779
-3946.59428695613
-12360.0788361285
-8166.32127123379
-7324.02322413529
-2267.17956738797
-7344.42001729858
-20795.9578974185
-5752.21365483848
-2427.84214558112
-9255.71158232721
-8775.25515373605
-4958.55885486291
-6251.4689550567
-7266.70019225881
-5631.20510763308
-2313.24744449085
-3291.52110956324
-5001.84399557432
1252.58150407377
-203.848899645594
-4477.93766350257
-6626.71385773992
-5615.09678031056
-4945.80536262663
-4194.35409811724
-2063.05364824152
-5238.95538519216
-6942.60160332759
-8588.68246218692
-7586.62690947388
2322.30889269428
-6627.25233078976
-1040.36238137907
4512.04367033811
-9813.15373306675
-1872.84313395612
-2850.28835990109
5013.23144555739
-3928.23051416665
-3497.83450308819
1243.26305790257
320.641874691307
-6901.25016600381
-3177.72838079303
-2373.00587816199
-2645.57730057586
-7575.99971676441
-8729.72267307465
-5169.86621685509
-3963.66015111396
-14169.5290918258
-8401.15224539232
-328.889283485781
-3887.41331706093
-7611.53798907703
-5094.85957740866
-4116.35822606053
-1737.97829321191
-5289.97082337259
-1693.05641929328
-6902.40622142801
-5929.55702062765
2510.35123601237
-3199.71101340972
-1443.20035123108
124.961995988476
-4682.18846341689
-3738.69720656386
-5546.94390986802
-4792.97734774347
-2553.97421449876
1312.53406457118
66.4865677718752
523.414014016257
-2312.09674133934
-2439.32137544386
824.571031028284
-4139.97360411259
-2524.75611607882
-7004.32677711707
863.50867511655
-8564.45288783185
-2441.19115441036
1642.96240843935
-370.963010514166
-6139.0296792938
124.412096113072
179.03726267135
-6099.9806956373
-2591.23493223938
385.351831314922
-2766.59340146047
-7057.82312574622
-6718.61334643474
-9085.22295596985
-11220.3162890197
-6911.9259161775
-1093.68064761526
-769.522759445314
-4265.86577394464
-4111.3002075991
-3578.8688514728
-2921.26382008219
-8743.81388875854
-3328.57405198866
-1446.70834142594
-2151.05015633287
2472.3212736832
-8126.12147510264
-884.559906448474
5997.59115565486
-6507.31816305002
-5879.0883285003
-5399.25706602151
-11036.7760849452
-10101.1127776226
-9336.25403840035
-7415.65747383657
-2425.9294526629
-6078.79219924758
-8170.30716064434
188.63721415352
-427.586009509242
3209.19664030478
422.951533321627
-3057.42859058966
-11549.1314310216
-14361.8574302967
-3107.93743696601
1726.71298471459
-4170.47556711464
-68.3724574655295
292.232626175239
-12735.2237888102
-10203.2671618847
-142.998677007711
-1667.33779922787
-12506.3953842204
-4485.30136622092
103.208187112838
5189.45376999206
-3283.34422715881
-3030.78677390657
-10314.8305181297
-6713.29011263516
-8774.30551176543
-6921.44750998932
-1925.91779442859
-8612.11291140259
-7826.55036757123
-6878.0128969289
3845.46672465827
-6965.79336409729
-4250.27675299749
-4301.48513605038
4772.00691196273
-2870.64122185387
4369.19747057312
826.555557771041
2614.4501574095
-2291.14279958102
-2582.85988848947
3384.05008327221
-1874.7597608254
-524.735911117594
-5866.84703073719
-2640.15465607573
-3320.74616186458
-2096.50636353713
3557.63631303158
-2019.38024346217
-3144.89772905804
1176.24815915691
696.925901183682
3140.1348428328
3952.57922465312
-3823.54694177419
336.406723816638
-589.583059369145
1089.29643270505
-6620.22295949345
-9832.44203056718
2571.42673143332
661.654061847575
-2435.00857273711
-12376.375334585
2425.26496726658
-3626.51526091165
-5977.30377234529
-9315.81143370165
4852.27751412405
9113.58327189906
-3959.42619684968
-2062.23795716868
-336.754753576749
-4338.190801061
806.623670896247
-6238.1854228467
-1832.30127321097
2485.62124798451
-2461.29355842354
-9623.19772879059
-7594.72169153918
-1561.46694251458
3437.39033452529
-3746.27328203011
-6.58700182604778
2625.9291315026
-3794.06677564793
-570.168293836631
5466.40498142201
1751.06358628979
-5991.55490783791
-4784.3922100004
-1760.36234137257
-4375.09961726598
-12643.9019412777
-299.071396363193
611.586780882279
-3791.92648816972
-502.085753166914
-3073.47617838449
-2219.31668176335
-5184.71176388319
-3642.5448079941
-813.78144046008
-3053.96074680667
-1030.88889087393
4740.17835869023
-9083.37326422209
-5054.73012816613
-8062.45230229292
-4965.75795366382
-2893.9962352684
5995.06271085873
-1287.03672161906
-1962.00758896229
-2728.09471949812
-9278.99415701752
-6234.48521737806
7616.22476186755
-8544.1636075751
596.66600417847
2587.51469210451
6427.45345594201
-9930.13960670351
-9572.79047331501
1948.16393688374
-8166.89798448433
-5650.86299028721
-6315.42051417368
-2869.958004743
-10744.3840486502
-7016.00539021752
8126.51382731191
2095.09453688083
6139.60267976593
-1664.47481479252
1936.06775811208
3253.17043390646
-5318.90096824225
-518.960584308658
1640.55802860439
-2449.78942760872
-8300.23641646006
3181.03844962849
5398.22166523164
6773.11685135733
462.063606068487
-6602.21103854768
356.030450239858
-1828.38987002743
-6650.47840016252
3928.52690434363
-2667.89937055652
-649.266897704733
-5323.90051306432
-1016.11337139706
318.6602130481
4530.18020854053
297.834131409279
-6808.30412603832
-88.1008546560225
4472.43657779478
-967.771340950729
-11509.9835568593
-1152.76881249325
2845.80275497403
10817.6985110539
1251.95511166937
-1493.95561754644
-2366.00580807722
38.6849048648327
-2754.34580949795
-5045.54914283169
-6207.97416705926
-362.186625894361
3249.76260878861
-898.777161114911
964.116113939809
9322.63799012909
-2567.55962108527
-8723.72832285451
-9610.57592341762
-6436.3837685129
1450.43655685701
-445.819018783798
-1690.37832494725
-6916.03760760886
2238.53338629269
718.678594292692
1237.498555292
2168.01382347408
-6796.22977208821
-3912.49083159627
1266.42906930846
-10794.6451135249
1024.16940002277
2301.81422757443
1559.36581590814
1971.67583189188
6473.27353613601
-2109.58473928716
1585.61237919747
3554.92943715812
3566.54208912242
-1512.32475386314
-5812.19081391325
-7722.97582579993
7697.16519561106
-4912.22396341877
1539.32536039294
6146.11346165498
2904.74604231055
-154.230562708517
1099.45522304071
177.001733190875
3038.43865264548
-2377.15137275218
4518.24408461268
7401.04474693106
6103.64831293813
-638.237754874471
-3911.8753158432
-4623.15280449274
-813.935909120784
596.955336442876
883.089693389877
-4890.80091820835
-4201.61487781668
-2384.68250529263
-5688.38554495516
-806.015055036688
-11379.7777676137
2160.73513410339
111.592253774204
4736.83614983662
-5054.12347091653
3282.21565302135
1294.60368080349
-600.781131521196
-5898.28488277671
-2991.00318986702
316.536426602837
2473.54852784229
-2723.44893071731
128.200880776456
6813.03690211006
-2302.24425051201
-7532.66363931892
1473.69279544917
4050.26104354878
938.249260161015
-534.183635782249
-3227.22376669917
-2130.22289837427
-658.898360456072
2346.88906597073
3309.82452931494
3106.7700723823
-2468.93382022455
3522.40493433142
-1399.84789127346
4772.13033946575
10774.3142103225
-5337.0979370635
-7039.12175670661
2203.93010803952
8425.55737777619
-709.892172101752
1542.22679745687
-2577.72704015597
-6590.23944231
-7311.11596028469
-6749.98657063996
161.172019283625
10424.1560043859
-7587.41554766359
-5123.01348842705
-4159.68572544104
-2674.35225654732
-13390.2809156304
-2512.79849916953
-5199.25965651043
-3656.99491959757
-5612.84073121028
5330.3639700132
-5491.94699130526
-5499.23508556415
6431.27519918319
-2770.94408688994
408.006843597155
-8768.78439948749
-8800.10660502732
7609.24689675795
4952.09907149745
-6211.69442647691
-6185.04795433684
2974.76625262676
4366.8723211792
3374.19171027405
-7278.63200033728
2614.14913021509
-2643.89297155017
-8829.75155260235
-4450.319329339
-10668.4246370224
-1987.42576104548
-227.862506274661
7281.69101829907
-1823.18028746223
1855.2773610248
-3383.43297365708
776.129931661539
-1254.02285608231
-471.81007565618
-4773.9447438939
3140.50532670667
7143.89800172808
3902.37726200846
1444.66978268936
2239.16353877961
5735.92259285831
-712.73426051308
-5464.65205203406
-1692.80340677145
-4721.17897574248
-5335.61383010894
1034.03236269622
-6089.65899471124
-2440.72281534958
-2849.22832536366
-2967.11808939224
3725.69195417193
-1996.04597174238
-2304.94853694721
-1991.22253580407
2913.10067473849
12241.5573698824
5341.58630262021
-4072.88521148104
3884.15115626139
-59.0103313011477
-1998.69356298155
5222.97404357067
1959.78980022273
-3444.31538272144
-5543.39507844226
6854.87913832192
-3945.8212081077
-6284.06272184397
1646.64982176685
4111.92470440731
-236.286189929792
-6552.27554409268
2386.18862529097
-1654.41264758867
10121.6932945941
10293.3275385503
5026.38325662277
-10519.3135563799
-8522.76948585608
5326.38139309027
7769.74219494821
3411.22965956024
3590.75808948687
-9510.21043452348
-11.2115904302491
4509.10945384317
6610.73896011754
3212.5676156668
2490.84523601358
-5551.07072055715
-2346.59686789673
-1105.21430603333
-7586.62414745887
-6697.66252859425
4719.07371365594
2130.73014725701
-8186.59797366347
-1362.63249859892
-5818.59274115474
-3648.32055756378
6598.10212512394
5692.29807776053
5798.36362160538
-926.93052316023
2384.63209804924
-45.4492485610826
111.022188569768
3825.60163631564
5483.94407379889
-5336.35417272791
-4408.2191533857
3640.88916614121
2262.59984972582
3030.09700010435
898.29265687096
-9870.34724614702
-4455.1476719878
1575.08597238385
-212.007985653795
-5561.7386739392
-5657.48844920449
-5862.25961955042
-4763.73298811152
-9456.40512794689
-4264.88862383148
-6407.4779516046
-6262.28537716864
-3976.48804832399
-3325.0152192376
-4427.84299705132
11500.0121164536
3423.54004520184
432.818376201633
-1844.52033105399
-6908.12181350511
-2840.85721754135
5076.80796083259
2599.89737196778
2188.0193361255
-3274.08519561063
5434.37454363543
-6600.41648996563
-4567.24746457752
-2223.69305516332
-4040.94829484694
-619.713517392271
-2386.93067284708
1402.42230979911
1833.42195797689
8004.29044032627
-5136.46224500538
-4072.56085234292
2876.20805842763
-1082.97385891571
-7602.80352760639
2163.3644784776
1514.17451886684
8889.21750974185
-3220.71466301773
8157.53442741237
1029.24433869096
-5500.34908726851
6971.0621124032
7216.16815739403
19.4214578375775
-4627.87061346477
-2369.8407337372
5121.43655184448
3084.82596829695
-1402.2818649773
4700.9530207546
-1141.31645307846
842.931815425643
239.694919823653
-4034.06241174026
2080.73653447802
-166.900718766963
4595.53477136894
8283.20781705382
-336.383782760733
6519.90064989047
-2063.75939323575
-2976.17696901718
3481.77573129289
-6264.9798472389
-1725.73616126214
249.774868696326
-1860.24655768145
16656.9662568112
6394.46913183586
3076.48512182754
4991.62663649932
3363.91103287365
-2719.93841012953
-786.472535929354
-7872.56946269399
-1972.5208978509
-1246.03805592362
-14128.3202514282
2652.45806650135
-1843.9617423202
-1756.52505012112
4655.85896020317
833.541809292386
588.414086409847
7557.19203427971
-4667.26997517668
731.142160164009
-3362.1107522975
1726.44189343461
-5137.23121632936
-5341.19144943806
-3805.40109588402
-3821.11887603071
-681.343267902631
4474.30875519148
-591.290966799711
-3502.29110108703
-13288.8505308562
-13089.7510477764
-1432.77761033968
-1218.77665754703
851.227669372673
-12646.0057423898
-75.7571039685703
1098.96397375693
-923.927633759413
-1533.2588529758
1363.3684053096
2509.26576194364
-6502.24184106348
405.816107292981
4347.86450495204
4590.56951080563
71.9650251504092
-8542.04449851886
-2978.06865951368
-2411.1511365207
-4303.49285362881
2845.78772064557
1686.06619217122
-5179.13010055811
-219.188879618896
-137.519414396369
5551.98388411032
-5118.47062213475
-699.976139259047
1807.73939671539
-1620.28323863889
-2964.96506057611
-4684.84379036133
-4164.8048466117
-2470.20189735557
3876.31451351815
6177.57564301803
6.70062900534117
4300.29280838074
8650.5950977326
6743.46999596003
697.30045096815
4386.01287059105
-5258.3371372936
-643.407926478458
6575.04194020291
-633.011863769052
-5153.06663117606
983.739494001197
4069.93901029808
75.4454931012553
3598.90657831451
-2015.06263089478
5190.16428497852
-457.48366399099
-2678.00970631177
-1208.22562086813
-1289.40960796652
-2082.77964817657
4299.81657385812
4448.83770099742
5513.79886359883
-230.660082808635
5717.88161071324
1453.36903987117
-1495.04608075684
3364.19447145955
6043.61173752064
3188.17023494317
-2057.90410864328
-3892.1751223732
6613.36817648244
-321.684772938173
-2975.3941867189
-1165.89366397645
4767.79211943663
9499.05285078315
3333.0140846582
-1555.43649285566
7360.13562595217
-6577.81789365345
3318.48698700888
-1989.53691567168
-11114.5795186478
-2176.47992319017
2580.24861790192
8357.76947534944
-5346.20538927752
5734.86001964305
-6223.70523939593
-5254.43536484494
169.787032017808
-471.463577540177
8181.28556188111
6606.1606403696
-2818.34222211642
2547.09795732845
293.777555457427
-2696.98195996092
-3822.21848310154
-1871.22685776609
2172.5750299114
2953.07398958063
294.565834221618
8744.23784522713
3853.53016378587
-1683.36903980222
-1591.57703465873
-2146.72253836991
-7386.54118661193
-6782.50674128452
2389.60693928272
7156.17373554728
1878.7040974593
2338.46443383558
3528.93051521627
-4738.7370934453
-1947.75657662918
-4292.16737861795
-1597.30879739567
-1088.18896744158
-4169.53326317161
2896.5176851163
6112.93406726238
3210.41129392605
3204.90959167499
-62.5262184997516
-1472.63998914243
-2591.83106857192
-2866.52548272147
429.017175892052
-805.219266444932
-4578.41979544672
2549.74069985679
4972.16220988748
2584.12796839118
7894.40754767091
5608.01416981191
8650.18531904245
1565.09941267674
-4060.98283644556
-4702.84133600777
3331.35719154392
-1711.92364854171
1628.51924725025
2174.74128986148
-8189.63801488475
-4707.4118365584
2081.2833304758
4706.6121255184
-9722.26907298305
-1335.60529884296
7678.39847923031
895.690316063266
293.342304391073
5634.49052800839
-5511.67492804495
-1503.03604137704
2885.44404765892
-4485.73882392258
-1682.66138375805
-4508.57853851897
-1519.77629325474
-74.548784762119
-2757.92165354397
-2595.7089017386
-4787.95130614501
-6714.16813945808
-3111.7144004125
134.725909110183
-3946.97430167326
1974.89837676215
-3900.55525309103
-5477.94854401946
3936.75900459583
6429.37779151054
7674.8580801422
1971.1610909373
-1612.96792568341
-869.789693637119
2407.63666768909
3597.08055308696
1717.6840878935
-2624.39984537771
625.039285469142
-1795.90214223647
8948.55811477633
-3639.99962738488
-2455.27766236948
-7630.66203579373
1745.87359162581
1922.23345979401
3753.2206969649
-1385.7479448829
0.850244774908333
1380.20252780105
985.712800444208
-2286.12158793118
-6067.25838916467
-2723.32636874445
114.513432703739
-3141.79739257722
302.74183341139
-6337.50707113611
-2500.92639162725
-8032.14526057146
-2719.927827432
-5114.85129952912
2547.06417098804
6116.92175328917
-1124.79605748838
2351.60870186056
-272.809706390676
-955.45628649575
-3181.23728423764
-4814.2367092091
-169.644410818551
-227.019355845205
1518.27286165115
5467.82988553403
1622.00312222747
2274.74430321607
2963.86632192719
641.888264790271
-3131.42508334374
603.549413869908
-7654.2053704343
-8197.59965525575
-3619.6394526261
11003.531536396
8161.03319856125
4634.18622139536
2815.14814357309
1882.69899304019
10790.8737921679
-16.8863977216396
-6162.33537175688
-3149.27882265808
7332.22079160789
-2874.82373664143
-8544.2628627505
6428.99292046297
-4955.39031459672
-13547.5376201909
-4775.82739787822
-385.526374929784
1858.9208465289
6896.3099954173
-1566.63363238686
819.31000779861
-680.455179423962
-5771.197254253
1758.04368915054
-3202.65447923866
6974.07645294102
4327.72613781787
3400.42264914085
581.856650039296
6031.14031414114
-3697.30543540059
6522.90078618164
3025.20970213939
-364.397577482683
2619.57469005298
1004.99425704299
549.679369736153
4525.80794872651
7304.46710114286
-984.428012928395
6272.4780818045
1906.75714880017
4001.78032189091
3854.3336214942
-6171.07402099242
-3431.65819875365
3906.31786161344
-8674.72942109496
1431.59742265165
-1700.78906502341
-1262.98949104737
-3699.56961244373
-6015.77178420885
-6960.06676638186
-1463.54919349001
4672.07914296857
3563.92085513908
5865.91082303231
-2233.78635023624
-4278.95297020637
3441.285203441
-2587.84878699193
-507.006522572535
9902.41400464832
-65.2679110581478
-4057.33265725789
4642.75063431103
11236.1951936504
-10811.0121573899
-7845.49978500741
-3510.06733804221
1791.1189414856
-68.2761222629456
-5462.97287403119
-7487.03764782063
5119.06038671694
4189.82670934372
7912.73973714874
1392.47172917222
2280.88259171283
400.558810498838
-1365.02272474341
7560.30427965382
6631.95556612362
8373.04842710706
498.312826067738
2058.22761031811
-6702.90103522906
1782.9831304445
5124.01150138204
1110.38757521222
-2005.33524322881
-3459.61106183503
-801.747680322077
10294.0032044711
-3579.13514453628
6334.90233893159
3987.56125891804
-1939.02969492907
6379.96267140869
4105.00977983888
-4256.98307349651
-1929.59592870277
-1516.04625707982
-3632.45656000045
2766.61866195954
8015.51469142406
3262.82814004246
3677.72047939189
67.1062287590562
-5185.16256844935
3232.7812321046
6474.97984826142
6147.95448949234
4609.87668110105
-433.777675893563
4934.50772847832
-4922.5216857246
-4783.64567984888
429.006075269434
493.619003923133
-891.505642472519
5816.31274787958
-7719.97658413537
1908.05074653482
3748.48961903542
949.837078233042
147.235925689842
-1879.51028496501
-5680.26684604787
679.732587482956
-4786.8699125298
-11573.823809189
-11946.4659116882
-3722.97242625944
3935.06752253808
-2837.7804823479
3783.97137990238
9322.15720413489
7775.98866187178
-4902.91996097025
6020.37271984418
9178.8793249386
9399.8119337491
1377.95125596322
-2578.89446863394
7454.19718639649
9279.97342629079
3791.49083967352
-5199.64217866313
4387.45052066914
-6343.23750216579
3074.02243440916
2348.20794484686
8233.35458088983
214.754933821856
-7708.93212126425
-274.504476718748
1650.90132022136
173.405998053401
302.053547680899
982.843111556003
-150.290975066612
-1570.46465469242
2457.01107553677
-1183.303576141
-4936.40838388815
-3202.37126272271
-3513.86988330798
1442.6286359586
7658.25228684628
-6105.99127337025
-6453.56203660105
-1144.73775339796
-3178.94311948387
-8357.45431442422
-1266.70718015946
1461.63849815133
5586.99003607265
4078.359641102
8139.97566566892
4786.92913741222
-6574.9563913033
-4199.47673552564
1588.39714954419
4143.52932869944
4952.45164018504
3724.11193275232
-3805.42522024661
392.107624077146
2016.53953012467
-10704.1704640866
3864.63072676772
11194.4487097046
1005.21524145573
-3173.96475218904
3885.38538933045
1956.00692753538
-1620.25851232348
-180.791736256158
-1808.64108249862
-9739.87666125593
273.194188496504
42.6642021157488
-4788.1873611776
-7104.23628025092
2445.14645546115
-9670.50373070126
-947.960370813337
-5463.41211449842
-6683.72023712861
-3955.34692491255
3103.05562025098
146.836900848357
1109.07908716573
482.409012253589
2644.60248410406
-3367.04347909951
4166.78321980588
1174.3616749083
-3821.84048533621
-7493.04688529419
-1258.87998383937
-7025.14126016595
578.726993397079
1146.37559193983
-3746.91722091209
617.163482169566
-292.546117441167
-108.993503252064
6193.39734023213
4665.74996844447
-1030.89397604224
-1550.39805252966
-2620.50552088245
5506.68328940393
5412.05756991691
-70.2038054540225
-2695.48453952168
-4406.98402160968
13.2804122304046
1757.14900289444
2150.59554708102
4636.540176929
5673.80824024055
-3054.15247478716
-3282.81985783319
3429.30873490628
5882.28492484724
3804.65212723874
5187.98285235358
-4874.68261373395
-7193.21232362498
-5935.69735992785
-5037.50781942988
10231.3899234459
-2487.57635886961
-46.4089174471032
-2486.64557715143
-1317.40249336158
9423.44081992024
2504.14332218529
-11590.1453844289
2286.58190566564
10558.5921495791
754.587645391228
-2094.9015969377
-677.455297206968
3544.68315450457
6471.54960986571
-768.514460946594
-4812.94528317379
1498.19044449425
-450.650969562792
5973.00075385337
-6993.19621925863
-792.883705493745
7662.03773864025
1963.86940643767
-319.338332437719
11399.7805609947
11908.7511354539
4660.8969011148
4486.3676004838
8699.83909191291
1075.77817425765
-4300.22449064625
-3282.13767469384
-4528.94721705961
-9771.4094481849
743.461276381721
-1183.11960568499
82.558949747595
7240.57156623414
4329.24068291732
7692.47869584425
179.879626712478
2606.05117170727
3211.25392010717
4800.27968616337
-2589.36826416835
-2181.71219768312
-3273.78994985741
-4474.13666546068
11957.0546185085
3128.21191666472
1163.85770575472
-2662.47926821453
2428.0096333118
5625.84189170366
8314.13428794567
5820.33482714481
-1752.87569473416
-3865.08523344749
-5699.34656190367
-3474.28622251614
4521.22834627069
531.363457939895
-1344.05825935559
2768.90420929507
7382.65737325068
5103.59257890231
-2860.67498833352
3692.92023843982
6120.68320612392
-1845.11091703009
-1547.2522610926
7289.62778871197
-9593.33123510783
-2234.34891720411
-2164.37201140641
6032.17185251372
3711.99652395879
3304.17052008052
2812.41392735008
6032.14874780511
263.99818143943
7315.59004266814
4983.81901493538
-1100.01848420962
-4294.72950005061
-3063.65881868182
-1499.38653788794
143.43909633315
7693.21083076561
712.368337137077
-2584.68408049996
-266.276415225332
-8548.31171032238
-2296.83998501456
7470.02570697461
5031.96879880544
5371.1865515137
8539.31677741932
-3759.4036285587
750.312383567478
626.662802802691
-8258.30201177667
721.576244864814
-2293.44432829641
2855.30371663054
3291.90658301199
-2312.94724851663
-3361.17097688098
-2430.73507202017
-3396.25572143019
3292.33658408093
5606.1610965435
897.785590456619
2873.40141993832
776.567404509035
5350.6226050071
9038.76842429167
2686.6217241844
4655.33453498275
546.386085552836
4048.76912245623
-161.953115351074
2157.84193833882
4652.06749558181
2172.7998976826
2893.38595569799
4526.26734651276
-3006.27540746673
1131.16160201431
-2148.53052264909
1722.13631286277
-3712.66645732668
-330.099034173266
6642.40819971088
-5685.00981354254
2090.32148481268
-3116.30495721265
-8135.29803569512
-3700.12478574045
-1544.82236509213
-762.401969672827
6207.52721086236
2536.78342347434
899.760097200743
1709.98124106165
336.254951656033
11481.9716314526
5632.33155501635
1382.11179044593
-3715.87863759559
-5759.93946792432
-1452.42515235194
-1370.13329585613
3086.52224506491
-1944.80945779779
7069.55432896119
1741.50476126802
-4916.23640353013
5410.88254967195
9626.98136291169
1244.9450731762
3376.27792291061
779.380869834013
-5889.06717685045
-3062.2692917173
-1480.58135523747
3738.18648600348
3922.70193919887
8068.13684824289
6725.38208392602
4904.65387704208
-1640.33258988747
2363.28555997941
-2971.42079274424
-1363.2548793232
4491.92016107649
-6442.9456357761
5714.78703970488
10316.7700863462
6710.37894084062
-200.975969014302
-2216.54125172726
1104.28332762304
-2801.37500880655
7020.56840832073
-8244.87989113074
-7405.08402266785
204.424093976913
-1120.52381999088
7196.11014509274
-412.274049368424
7429.14423863849
-2910.46677106124
-3674.29479462801
6724.71630251659
-1443.26916356676
-5477.9805191375
-4753.21335687779
1463.4206259231
1332.17394847242
1296.38817963286
8671.25874568361
10135.3022311496
1419.84289325575
5035.75449935561
384.503479126426
4645.74475985029
6725.1805894759
2039.43145171615
-3146.26971504095
-3086.74390506989
3735.74513837349
3134.13952441925
-8340.23025648857
123.837289855182
3144.25506516733
-2195.62775379552
2631.2030571641
11075.8554682202
-3879.4792712461
-5960.72660187354
-5693.71316122396
-11694.7740431528
2849.06232474041
-3371.21720981789
-6821.88940823698
1156.67707031143
-11855.4496031913
-1779.16839094731
-2042.43663237863
-7599.76887925147
-200.066363293475
2723.4219274683
1911.90713719868
9461.06779009012
9963.78567839362
3926.8148851407
4380.83720757957
-2202.25503436589
-371.170327986683
834.753225236933
592.476132686252
-827.475222488655
-5832.00892577473
-656.978582195473
-548.153378225434
-3966.32361957026
1071.32656371121
2009.02511411868
-1698.95626049603
3438.44796861574
6667.31239602378
558.272477506
-362.204411760707
5098.67499319943
-1430.39601287596
1215.30034267456
6848.4813786635
-8449.6235327737
3692.57252777266
2002.8327136889
-287.660303498371
11.4037491208792
