-40257.4660159759
-121283.758211915
-195162.547079948
-228017.90745419
-238705.235990459
-214390.220319295
-192964.501091954
-154757.631951989
-111618.484002834
-94585.2265158575
-77625.6103637162
-61869.1553812476
-51645.1642239701
-49547.1132453643
-44069.2366152975
-45642.8559396255
-40490.4996235656
-35871.1725361399
-27935.0202324756
-26686.6550611626
-59724.6027247995
-55042.2787981601
-46022.9639310532
-45192.4990623648
-31527.7428992505
-19365.6031163702
-3196.56596626712
7160.09471806729
24123.1571712545
28586.9958507738
-413.951485704758
-19684.4285937542
-42848.3100216403
-54165.6604747079
-66255.3926032015
-61859.1511922045
-48888.1449385146
-36668.0763953704
-26915.1374584766
7100.69249200589
28764.0263721824
37092.3683289036
45253.9923630129
46034.8081962998
38881.7590878006
24937.3041503203
18167.2095542289
5790.56556940712
-26915.5145094108
-21773.9195120254
-8141.93890261025
-23009.2310263484
-20446.2267892376
-33934.2460841333
-22471.7080100774
-11521.8919219685
-14545.8686454061
-17996.9915317957
-21641.5081379288
-19499.1451000738
-34397.3068763129
-36730.7603547907
-44445.9993992122
-52775.6225965596
-53830.0775235152
-42185.0798129798
-30571.1098321527
-30220.9337290502
-13146.4311832349
12509.5526270707
19202.4350887032
21717.838084971
10896.4928288016
9333.7617769788
4875.72190558415
3084.44670113091
-10115.9035556611
-26140.7304274627
-30698.8780395844
-46963.1545217771
-45316.7795256376
-45304.5141345696
-53943.6982640457
-42770.2699921393
-16528.0314823003
-6258.99757556724
6555.64951906231
25051.8047005275
24903.0643622471
16069.3694784965
16578.6831899775
19944.1948887809
21088.2580308808
8944.85971247814
-11036.6991460083
-3000.17533509066
3813.69554794795
21722.3465802029
26092.2049550141
35116.3262644828
38838.9425569568
34644.1994785362
45468.7562296783
42190.10775557
28523.8382898516
19047.4005668341
7105.73194173242
1394.03677103483
-10310.5863244399
631.380876481238
22399.0511744252
26741.8508479013
24724.5668112406
35833.0190283958
45791.5970150146
42811.7416537962
33331.6444409731
30466.9946265516
21967.47130134
6368.4731722596
-8518.2857599507
-13227.3822114145
-11015.5373847934
-11127.9522567389
-4276.84001431028
-1065.25263937061
-1391.72705928501
269.994707584192
14009.8679968822
34707.5017134374
43767.6436535983
40617.0968094522
55439.5181217955
44530.2762671845
44324.8690961211
51275.5159647777
37639.0634240612
26403.1802928211
26875.1274216323
28484.5554166254
34631.8012132292
15969.0296939351
22049.532924904
36124.1365217214
36450.378963196
38544.3461947666
51013.3502759136
49088.9733819373
38654.6882292511
42018.7891318904
31823.1660067534
13871.877063727
18933.6087745425
8544.76370316121
21989.3477763566
38837.9171420948
39862.6443921693
47845.7998229395
66509.0353899534
63503.3908894435
62682.7086009396
68327.9193791381
67748.2112278845
66006.6899091087
48259.1622670428
40693.0292062448
37950.7446451064
36226.2386215289
36887.4052174985
35795.4728949344
34424.4081584334
46176.2596849178
47051.9516792894
52606.9263771158
53235.0036264748
47879.0706608298
50207.11012824
48389.7157966913
38606.9781434459
48000.7332328711
45112.4367251878
52086.0801847341
47347.4003852336
52059.0555631378
55112.8014373613
63825.374804125
71799.4377753105
85055.1594641414
82725.0795491429
81702.9807145615
81998.961054405
68083.4813106252
61838.3218823552
53954.3714674461
48480.1589320968
45363.5198337344
37796.4356546296
26317.0366788224
39004.5036288245
40592.4365562027
51819.2932205593
66638.3117876881
76065.6519657309
86630.4504111764
85743.3403415056
92506.9275543913
89309.5603216076
86831.8015043305
80307.909761295
64343.5929067643
58833.5173775351
65015.3635275227
59432.4773153175
61317.8692837976
64108.1907735135
57229.1735762757
53126.8034564203
56996.2688401898
54969.6107808864
42562.4276982957
43621.6870020868
49383.3301785948
33721.7005974646
38938.5029443743
42593.3026878731
41971.8297850639
50215.6443026263
57644.2795770388
62360.5624497967
80722.6274639975
78043.8501025134
87979.4860976299
87479.6921752942
80817.5366307715
88727.2911228234
90065.6863396163
73637.0178066582
64712.4197821568
78508.7132493387
71785.9976464693
58972.497523215
62208.4643753797
62298.6467542584
68844.8566842992
78643.0970895134
71379.5695467817
75415.7660453343
77218.249094434
76223.3723295845
84179.5596468933
80215.7145420871
72028.2057484769
67173.2070422325
64681.09129506
57106.9856349385
66883.9505473362
58774.3227913277
65296.64264322
77333.8757426367
75897.6135974532
88777.0077975638
106781.08229327
89807.8823715469
88021.2075435247
80987.0343305061
76886.2397541556
72903.7120069251
61035.0981761317
62574.8311416127
48183.4052552385
49616.0347594657
47918.7824994603
61816.0390175138
62482.9477787279
64538.1538529624
62570.5841559607
65751.0150939895
74618.5579746669
75463.4996794359
78671.8624204223
69605.8375175501
69049.8995027261
58933.4166870744
56655.3756215838
59848.4911121739
58642.8770280044
51635.8358948742
54109.9754698387
67801.1663339092
67827.565809119
65465.8601286189
74284.4724408771
71067.675920754
66669.334572861
71661.6149741945
71220.957240849
77532.16961037
65618.4560945974
64691.9351474429
63787.4431028162
66544.4735276091
63434.1238782678
65377.6273384848
66109.6327670937
66977.8731758528
75332.9533567691
71793.9675883031
67554.6742066329
58575.298876196
56740.8036655295
62799.9413830581
51050.8640485462
45581.2536932935
54749.7311947023
51439.887412077
54573.5282665836
46584.8476217923
53214.011619318
54483.1659941658
53411.0635647366
58112.3087520857
51302.0194214608
49148.2654715874
57436.4477190487
53566.0512031488
42237.6957764218
43799.1194427225
47399.2005335757
45254.6246639538
42291.630129567
34126.5450930137
50280.8818153286
59779.4970010265
51127.1846144995
57371.2273364991
55681.3691693746
49559.018753345
53187.016869001
55934.887165414
53190.3049105377
47435.7442688515
41246.5671919557
51265.7851213057
54735.1806485783
50657.0949289215
53203.7955337992
62621.216987102
48238.6277171936
53811.4453303614
65836.8694225953
57183.6834549141
63136.9756877331
61518.7780664915
41696.125139846
21260.8226952477
26652.9353373985
26934.1031313475
35161.064214889
37223.7311221501
37533.4681382501
36247.0850630018
41716.0696721799
41051.6139409219
46736.994615458
43270.1578067515
37257.9349767228
55294.6471896965
47918.3764334689
50655.4086261988
42489.4272146687
38256.6663041042
35248.9513640661
43662.6396805281
47556.0529378266
41570.3883472077
31977.997916039
41978.154105758
35892.0708675508
48505.1603783355
41032.0817217805
28455.9827888464
23176.5582386285
26893.2196299808
32557.0422379448
30598.2112888512
25020.7052256703
27131.0788642054
14131.4805343477
25073.3673763267
28950.8232241381
30860.5971632939
36770.0564806024
27842.0323772756
35058.5848858791
38211.3839615958
28585.6191429027
25367.4040131235
24660.0368220785
29845.4594286239
36114.3899814977
29642.4758293667
26389.4089969569
32681.3435242443
36234.1951781906
33907.8850757615
29495.5931289022
26851.2510774434
17204.356861962
22993.9831225087
22595.5790089992
12280.2074448066
24783.0241635063
25705.7465157594
31577.6858751723
35211.9760690685
23653.778510943
32996.0343369665
27403.2034238837
17837.1206496687
20189.701547565
19520.4822572924
30270.9025062869
23991.9502448853
31014.8267026816
17870.8578143112
17239.8859574891
21240.0323275847
13750.902720732
8495.46826090645
14324.955036827
12123.1686989942
13889.5939916324
15768.9630770649
8115.76694138178
19038.5943045941
15865.5393143195
21458.7441792187
27261.6040356047
18701.1305175487
17866.5867958379
20231.6579934172
13980.8219057442
16443.3992600751
7689.26107372899
6516.25072552534
15129.7880332937
18673.7581415077
5807.22842404479
11025.8599879156
12309.0645489932
13393.6881925193
25300.133380751
25420.2125327069
16882.647010014
16866.5311924433
306.129610516794
-586.199732096762
-1975.26376213557
5821.10281379064
8750.44199963831
3809.97791179457
19610.6045896878
16963.173980999
19270.8824004284
14664.1436081185
11082.4442342846
13417.3049852182
16288.7939800793
10830.8287905479
14639.0058790182
10735.1093471539
10338.0488229632
11310.1660535177
13232.6908935666
12626.2613362302
4135.31237918813
16324.0807460231
6744.47296097025
14360.6124733881
6098.11954623385
7932.74658957572
15877.7108265484
8746.17988128961
11537.6380613132
-164.351816981508
-1887.16622391691
3890.59151696416
11807.4032789446
4399.71096964255
2447.51197373551
1768.37685443447
-1005.20176649321
7366.64316994695
3701.61232897674
2652.60062061782
14564.1346302584
4985.22483154927
3642.0567695805
8327.20651580923
9252.03449514709
3139.29763037296
7067.12390379152
-486.351537983464
53.0055672698309
-972.132199323685
8359.52110554664
-298.886358701655
5580.21285711358
5615.47840736565
8609.34019128459
5930.75088509983
3038.19350703689
6049.29957176345
357.445810339215
-9077.39773413722
-11286.6446934558
860.198972027398
-5011.03480617822
-9068.56431587163
-3088.79834655121
5186.75684593212
1174.57638733053
9597.03035178515
-1225.91848073976
4530.70689372211
7545.96923780201
-5479.33784548841
3568.85351955201
-1589.96766339161
-6724.20522683833
-8366.40225812906
-4671.44929436316
199.23930702654
6197.05716832316
265.937465469751
-5179.18345026525
7105.78554686279
1975.67999281249
5233.40281051825
-2732.04203124771
-3108.32962021017
-2796.37162607622
-15399.8944472755
-8672.17645027084
-1660.04199113718
755.249497042248
1454.044435999
1326.90138814445
-4850.85499223256
-3007.53808307868
1731.0550117008
2202.33459290529
-6531.40041527486
-10830.4264278216
9680.81661661712
-3444.54869463771
370.206842454322
-2933.18719616673
-9109.33327442434
-2575.98630761668
1984.07799462111
-2508.4689573654
-8418.69252793377
-1770.47212270881
2163.59764792838
-6222.50949352884
1887.30596598688
-4675.16693933925
-968.807405113611
-12753.2622790478
-13893.6492120604
-6627.16436013659
-2606.44951748621
8350.73456669189
-2547.55914730197
-3137.96843709403
1211.18474290106
8490.63919826505
-8142.6359733452
-5419.86820586927
-1314.44740734955
1601.3889674258
1404.8791064202
9687.37166593761
1380.64408592442
-4209.10695048953
-5255.65957407723
-4364.8151223581
-12539.8235463704
-9622.47200583426
-1161.25836519256
-5356.88263531627
-9923.45488567966
1121.89724330717
-6704.2351654776
-4839.23124638633
-11158.9553017781
-2672.7475112964
-6004.11795226702
-10486.9063632147
-7583.70048199244
-1685.9688239661
-10774.9396646938
-4776.76187660078
-13513.7455400265
1323.7831402274
-2030.32579447994
-8468.07980331156
-20239.0120191401
-13494.3395688626
-7065.43474819134
-10959.6640814659
-19765.0947489873
-12155.0246737605
-10419.5439053719
-3635.24598281534
4601.63898214422
-6726.29908490148
-8555.18451329217
-3844.2451733601
-7046.52145227945
-8561.7741791158
-7420.00455531193
5655.69561521284
-2271.60446110905
-6361.20597586184
-4062.05050554867
7566.30615979484
-6150.32923994009
3235.59471720591
1437.74753792326
-15467.0311435483
-4164.0404834156
-5393.08311458937
619.350549966282
-1739.76252976158
-3467.57684057464
-4091.46821990909
6754.93856332566
-6779.63958034454
1879.94012828803
6031.5925489265
-14554.0717842521
-15490.2670382591
-7565.22124305409
5044.22975403699
1503.42561432335
-1652.36539090093
-23527.9417199433
-7327.56624054157
952.836719573577
5610.09871646311
-11213.2233194665
-5671.63857496776
-4951.31879309344
2339.23823302183
-2492.81511742187
-12715.2005121418
-8723.28460206768
3361.06099161315
1612.22698091657
-141.430024139006
-563.313233002816
-10816.9251101972
-14043.9729277148
-7145.58150346848
-14845.6354396601
-4797.59691459636
-3590.56183208802
-4876.79624998549
-5458.6555868135
1085.06595671321
-20683.9519921292
-14109.8707953917
1624.71448289026
-2832.51588069217
-1351.31885316553
-11073.6554780969
-4823.40667185474
-11559.1591877084
-13037.6038723583
-5045.98321195739
-2640.11646535705
-3278.19155310708
1963.46750675427
-11332.7209445344
-9576.7975678162
-7020.78755652482
-12621.3744395375
-9662.72962205563
-1897.53793016047
-2395.06629356635
-4963.8257232162
-6213.6309767634
-3827.49977369305
5202.68399864295
6421.74128967408
-3267.88863930504
-2065.64370471779
-5737.00504567156
-4846.54224336409
4866.69088270123
2190.1807053779
-10908.0234180233
-3416.04867799472
-3394.44846758314
82.6612653140851
494.024093886085
-4225.64383669018
9.26848931952031
2325.8234944219
-8152.96525219164
-9993.34693317146
-3552.81498847319
-2903.68465158165
-6615.27717469397
-11963.5171291399
-9493.85195192779
6458.42351424344
-5591.62924532256
-8915.66678221906
-9317.00075606381
-4560.54872977186
-3628.55809129079
-1025.93160094905
1758.56938933353
-1537.63251081704
-2217.32941532614
-5831.89245879226
-2350.39492476951
-5777.16341839245
-14649.2388033291
-12299.8546183613
-8484.53724273596
828.708214188903
-8712.91247851462
-1258.4662039371
1110.93133872421
6581.32522412143
-432.988256618243
-7400.71535559989
1397.61646082953
-7444.97240005451
-5173.33633778756
-2909.63009926363
-8950.32027051567
-4106.8445838428
-4550.23458712146
658.893692229237
3544.58415270473
-6736.07613815345
594.658044420814
-4342.51021333898
4399.08023757088
5231.01661172907
-607.67808687904
-2111.54673780154
845.172225379847
-5669.68672316253
-4164.42085260582
84.7040994584672
-1796.09606990404
5783.59366854578
6535.34758398415
-6149.12512437259
-5488.11875192581
-11910.7217580881
-8555.41780355125
-1782.51462228499
2116.87027435212
911.242905577916
-1473.08022936679
-5388.73699790872
-1794.91335543879
-4054.82497778309
-1309.42640031774
-2747.25522980525
10077.0668023276
7787.44980751415
-107.207843212779
-3565.19685563547
0.87577991925366
-5160.02284588394
-7700.6000547074
2474.48902075105
-1621.36242575315
-8889.38976208666
-3710.66242838353
3390.32572178489
-5313.22681252837
4456.85453001773
18436.3295860591
2310.61440759476
-4543.19483219597
-8888.73189653952
-2895.97060023059
4898.30265677447
-604.74218741151
-7099.77542141379
-2874.73732938057
-2401.93724648146
-5214.61026274481
-7114.14429045074
288.166984023644
-422.037474271403
-11054.5517825365
-1485.07304546222
2508.87432167591
5977.13755620166
5868.87235941883
-9678.30855318293
-3010.08061217242
3297.0865412397
10259.160205595
2269.8732620304
-3105.41884981005
-8538.36490665077
4333.55396757194
-7193.82178886434
117.219097400708
2866.08430083462
664.400711651904
-6511.16736797866
3341.69064850141
9321.4933338546
2296.30478962358
-8428.42520031187
3211.53076121152
1257.55340850235
-4755.79534744191
1236.63198724172
-2041.81253570558
-2248.61190158222
3841.7554745022
-2586.41425657904
-415.487207891849
3084.59191476535
-82.6433684323889
3638.27524300843
4109.09436659277
-4366.77569343279
-8342.63645412114
2728.32067643428
752.439606010528
-4440.30929739943
-11597.3031406613
-12410.5185093445
-10714.7321896608
-977.213927098578
-2905.42839488783
-5804.91829518165
6335.63941207401
-1660.65001894747
1716.12351282741
-13423.185213627
-1588.70147384711
-1814.57561745983
-1247.36719205022
1193.51497224652
3099.5173397417
-1006.50632771959
3018.00829924394
-5391.96052775332
-7499.33374256184
-2055.47008846391
-6502.77348581057
-7459.49978662146
-5836.32108826248
7857.33228913163
2020.52237144094
-1548.12682555724
-3464.99693349857
3486.08184854691
-11407.7026931584
-4242.29614681978
-770.095413773882
3653.35755749882
2453.99668598196
4571.96573122929
-6648.00619250578
1884.32745661444
-10673.903849165
-10655.9749880896
-3898.69101080209
-3992.17881218456
963.787935351468
12649.044320984
259.066646696599
-214.708963419823
-2398.13869405949
1167.92796255307
12215.8536794658
1992.92830347201
-11726.1410660881
-3971.08594167385
2645.20319807164
-6567.10540675498
7479.52556686765
5983.71268248992
3190.12636828489
-2859.10812536146
-9381.93200887927
5020.65629975935
-1863.6813916912
-440.575284780892
5846.37086949434
-5161.32108562906
-3428.76601320253
1570.51336785952
-3098.50956408424
1719.72894140633
6201.49940256035
174.722515574224
290.229314727014
3293.35016732415
3389.80240993666
-1839.14654025114
-1950.37121544664
4131.32297915867
-827.585727602706
-3040.47249892673
4111.39848324732
-1970.32566942971
6480.99885685969
-2076.69247487626
-2274.86426433747
-6747.06526582356
-2557.7101984841
-10040.5451726224
7039.52071787714
-332.620523491797
6057.41116616971
3775.22152361072
6775.09114115493
5057.56362425881
-4296.14810629131
-8084.1932107977
-7861.11012563578
-4008.15941536902
-2170.16430977418
4056.56769232297
343.689517010137
9107.58046209402
402.051816941227
-3113.19985957783
10293.8999292796
-2652.0520452398
4015.81662657209
-573.557584482216
-2809.53811117037
-10443.6855372068
-1378.36978399227
-2166.49823651714
2749.48548402148
-2287.06210900215
7236.81199208542
3513.37517309038
12950.7032634776
3109.93187479091
-10717.5828537003
-10843.7893513324
-100.658691885969
4077.93698622364
5863.66749145725
2274.89309754243
-6286.50099133279
-76.5923114281691
6076.20617861121
-2442.33415514039
-217.85002314385
-971.839317205345
9831.9566154377
1279.12974869631
-4788.97698798378
-2142.89573239409
-1140.1268883378
10111.7568185264
-1774.76456795551
4368.94277910624
7050.78979630816
-933.643249193717
10951.3771610217
1313.99247784811
1628.65116395766
14645.4035958625
7233.57686526327
2950.36615667619
-5670.73318169645
-13527.5593177456
-2302.29620725336
-5022.14115338485
-2926.6332534057
351.504385158604
-4575.04947909244
-2307.56660065267
2293.44464743093
-9246.72248420682
5363.49062800488
-2647.43942115311
-1753.58946999763
-10219.3860684089
-3390.20363687099
-5703.30057985
4080.70486531543
2419.23422580964
-5581.77872788161
3580.34924451639
-22.524218529041
-8617.12040385915
-160.018854533921
-977.771139225212
-4542.92965613715
-4881.56854844713
-13273.1174139287
-1283.15670351909
-8213.0928416064
-11382.9248858353
306.781888781711
14243.7465016237
4212.67081400619
753.774516112721
1941.40410911449
-2510.15661509198
-3462.45060573782
-3043.78401760948
4767.02971895914
7313.31328604985
717.428173481219
-4340.78164799199
-7664.41597721168
8843.87351354704
6347.67172848489
3338.18745869483
2958.50273586461
-6231.31194478059
-4395.23833720786
-769.679831374813
1150.99139983856
2254.11251112919
-7180.14133511116
-2625.71450083248
-33.2804621375653
1293.44696349959
-4830.25014251921
-3493.6447282094
-2099.6310554875
2511.38529751306
5443.76874447544
-7808.17280135122
-2678.59253732956
-904.006273775897
2500.47965613213
2809.82123795237
6364.72783295961
10115.2456609571
1986.70089050949
2975.88937319025
1746.18354753495
1229.2357262979
-8390.96859133288
2023.07134042477
-971.135181178476
-1479.36825792374
-7006.37373351427
-12354.6908289357
-2388.44056536018
1249.34401436874
10014.3254156138
9063.7541684358
-1795.98468053316
-2326.35796918667
-6144.58282364513
-6826.02644445959
-2804.77228156884
-1932.71043505468
8473.52702617584
7382.27646036195
-5627.32374818133
-760.622762524056
4620.85795325722
-92.7981929353227
-2755.07054924915
-4800.53894544184
-4040.24279143559
9677.15044612313
1996.38121626234
-3782.43268644367
2228.68819568864
5477.96553376311
-2995.41371415622
-4928.48422854005
3962.32949015411
-5559.09302347545
8270.12418439355
3612.67101021227
-5563.18269363662
3045.814316899
-7811.12863519266
-5943.72231007807
1743.56521620464
1438.52542622877
2026.99612592684
-1513.27999337681
-9510.72208718364
1905.60948811487
1868.51863608935
6824.21826399507
2089.7696811017
3502.04384912761
11709.1646767105
-1185.67951678401
-609.734425750747
-1509.85516472393
-1264.85506061271
101.309888153622
7294.51290183219
-4871.05696167162
-3976.78834698174
-11633.7507880938
3550.09653615118
-277.327199032713
-388.591460080448
6462.32944435742
101.226329558574
2255.75143025065
-877.198380031747
-1385.05360830509
-1323.6714150506
-4439.34645696931
-263.506335740173
891.819232598821
-960.698957020964
4181.60039352254
-5973.69606258778
-2080.81142746963
2097.78871269169
-3903.34379104613
-6690.22665675751
7809.44223065547
-3175.8461161941
-6137.9463465691
-2663.56480693303
6386.19684996614
11477.6435825757
4079.52678624053
-15705.3664141711
-7420.15762631656
-1985.94651883014
-5100.39012717179
5057.82613395076
4670.49227519417
383.55291447029
-2564.94009981594
-1564.4123308246
4256.92404945586
-3613.16246846426
-1038.81136359792
-1364.12348144367
5992.75394471229
10491.7808626761
3360.01938184161
-678.718243886527
634.690578029618
10725.5692854522
6715.18390915948
2775.69370160405
-7124.91673813358
-13164.167363837
5984.58139423518
10438.0393345026
-4955.29990737228
4045.95285709561
4461.50480149242
4953.43346774188
8584.9670126902
10261.282339497
8739.01251313718
11735.8241228334
4467.31112369347
6576.02807604663
-4376.21805012013
-1761.48452233488
-2697.41834009827
2.75105919916848
-2766.02290193196
-1470.33899540921
-9165.49149649334
-15275.6599197617
-6264.9877993362
-4420.24558395302
4108.00616129042
-5703.66995967578
-2918.4635097777
-3642.05749684473
-1638.74561585837
-901.297024277053
-298.77109432051
-1453.5148223786
-6263.56108317627
1429.24193708412
-1505.0755496079
-5998.171984718
-1860.38287307084
7942.82216053208
5130.24627387558
-139.922825908827
-6964.03588465614
-548.011007709547
-1444.85786884183
-8993.35861519388
5066.44585633355
3297.45242877916
-6533.03031735589
3954.07561000502
-7269.43967451724
1835.19768217959
4419.86163993564
3599.05916089315
503.682583818164
-104.551407048464
-9174.50605855662
-4249.43285497582
3446.72199656404
6349.81487343062
14173.31046795
991.332677139036
2853.79993221771
3679.39717561823
7662.73187410299
10951.6595749613
4125.38935538501
3271.66154475659
1407.93483314068
3277.46750823447
-7889.18068828584
4433.60983478555
818.974387094889
-475.271619295231
2879.12250423107
1617.90666474291
-7566.62728721257
-3922.74124997945
2312.79730961983
6846.40965144051
-4244.15231062728
-922.584359120814
-1310.19253699799
4438.23702935656
-4772.1785474004
-10046.7608166366
1660.10450699345
8404.51099181972
1507.07802695562
942.301031875082
2378.81430275081
-5160.24786072253
-421.273889324536
-4387.50339857018
-1157.49577586378
-10849.2697503601
-13289.2644751594
-5891.63378421935
-9186.73768580592
-2277.27369134609
-5172.51683751954
-627.580705466923
60.3636906152979
17.9505389605129
-3634.2227359418
-37.7318849850247
9919.44219519493
-540.530133964422
-3276.37788036904
4231.32437327679
6772.14855658178
7205.46803835706
4727.01133802213
8248.1927279537
-2849.10382845524
-1932.13341453379
1195.88205605218
-301.394634776633
-3520.64880281224
-2069.88047110648
3.15181164464843
-1476.82600828406
12027.7225322806
5235.19117870854
5769.66345892765
-8528.45915558414
-2460.68161816585
-651.39939461904
5365.6183150141
-9607.39656820502
-5032.07319316489
-11116.862649998
-2883.4499276994
4087.90907492599
-6221.65294996923
8255.06711563166
10021.8193996587
-2707.33619023596
-375.24486176824
8485.33070069689
-4434.62147819251
-3110.9316151281
-3849.19550971147
8077.27450834916
5267.88894485342
4602.07445627078
2328.11995496614
3693.84465210723
1938.13272618936
4520.42703152337
1859.77274427262
-3159.30004414441
8392.08264765151
7230.38890348935
-1801.45857393708
-1038.41387113639
3508.49914911201
-5251.15012884708
-1623.3366622328
2170.38060462011
-10639.9929531932
2431.80226112033
4762.62235186125
-8893.70364574245
-3180.32509276293
-3124.30937307281
3353.16789546003
-1165.73622446548
1342.37619646472
705.618661085098
-11407.7970760749
-6567.98237572739
8437.56925727797
-2845.76046575455
-3516.75491716629
4153.02143175369
5564.35809705987
4747.96030208409
-5794.70196277328
1487.05932404941
5584.87018620161
8620.63295545744
10243.3067138442
-7748.1188909707
-5684.50534811337
-3858.54678190731
-8572.23890596761
1595.10174523215
-4153.39258609728
5406.90823000648
-10135.7994544036
1503.6434146236
-3240.13220948193
-1533.12532181437
3319.66398429899
-551.093961551338
-7019.56692732449
1116.54678727956
8507.75072656979
-4756.87043712153
-3297.20786435656
-1108.18213230093
5945.29943772243
896.773522980848
-6123.35456154862
1037.20480149182
-90.1560790112007
1921.85059897981
11862.7167686017
-6198.27484405594
-1048.68473168068
7260.39659466483
2584.93231990455
-3710.06503034516
-555.879169544547
-3633.42010034021
11762.4162307659
3319.04946053135
267.235400568255
-6351.69199632439
1046.07429358368
-2016.35258727551
-3298.61731985192
1032.08567251377
1840.28380553405
-3998.38019857235
5974.0776626465
-6437.34651934965
-409.022994517375
-5253.07492273836
-1791.69934360784
-2683.92836275541
1422.59971496502
3042.85592370653
-13461.0889286453
-3.25765348214418
-738.593947550137
-9892.19998109793
-5103.84704708858
5697.34520172776
3156.86267076625
10352.1809737688
-5260.30304744139
6003.27736542424
4323.66910759843
-3462.96963301047
-3707.0849637957
6040.33792004767
-7000.22593334805
-831.466502957586
719.049597396395
-4048.41750329022
4135.68827971771
2149.30377950207
2347.48607095969
5217.55533083284
1344.11271825941
1052.08261344228
6502.01762050559
-6777.27845621638
-4415.85194033996
-943.392402891079
-3813.75996905215
2946.82496406914
3364.62423245396
1155.58250856693
212.410806854996
-2965.18621018268
-7497.46997016417
-15632.1915206392
-681.057846596216
-5451.80226318244
-7696.35122011562
-3255.65380232094
1304.87371623524
-4863.53797161253
4689.32247401333
2036.62745615459
-1158.89862035971
-1562.62669267302
4122.10180860325
2067.04523786745
3183.51789994863
3916.06751665418
5756.58050149808
9836.46889507445
-4840.63145045617
-3796.94127158465
1606.73980974581
2593.75959997353
-7823.72164617321
-9909.48150560835
-200.064972524101
-544.089816900165
1364.3424061711
2925.53806111326
5726.60049317377
-489.478742929073
4646.30323067874
755.88930562335
-1400.37837119981
13367.6124093499
8469.74342886464
-732.951956232823
-1154.81846826303
905.84844815358
-5254.11261726035
-4815.11504186818
2897.3750791502
-2598.03056925205
322.644205398272
-1689.81723002323
-234.720427193504
2477.09349374449
740.043310844528
3315.67141315347
5100.78813899829
3380.61733641126
3920.52777467666
-1386.28230602436
-3806.83350154278
-80.4498721113819
-3071.88471289815
-2661.18396885392
-868.775073260403
-6344.50510694589
-1474.14424745512
6601.88419599525
8586.78059920597
-5746.70740503638
-3253.09517736235
-3267.6977706467
-5333.14905900649
-9260.07269731397
-1944.02044894323
-157.338191320294
1217.1887616073
7149.01487353641
2899.99805751904
6527.55339636365
5650.38935960512
4071.57051361806
-16.5706234339095
-4792.09419245792
1642.37021005772
1955.60545902844
4741.56459469061
2146.25578488085
9912.33218314861
10693.9909489498
9559.57338666184
-2244.37676374744
-4559.57471951119
8277.72589912184
7786.20863020813
1490.33461604014
7329.13313807883
-666.513074527044
-15290.4689605856
-646.976200196834
4263.87795893313
7717.09515813574
-4704.92864718232
1661.97994820972
2549.90885011993
14121.8372061206
1939.49921931852
4163.31225438595
1594.2231812772
4340.62168119715
5357.92487435939
-5044.25946382413
-7674.83684347998
2911.1164709967
-2802.85051543599
-8608.32848331708
-4325.95261727771
-913.787992799247
4863.11914090466
1939.908077232
8773.72476520945
-1923.58978639537
3748.46623180943
-2373.11764314942
-3551.2631510608
966.417243178614
2529.97141284744
-222.704519927357
-2585.74922465054
2292.81411568637
-9246.54043488122
-11411.254167691
-4974.69488464893
-4441.28648852461
-240.545386911519
-1160.04929345435
-8544.09554414677
-1286.26685119185
3776.30676375525
-7000.37633981829
-7289.48819161696
4868.11964976064
-5882.78231793204
10372.9722194023
8813.42957139246
1733.44744142302
-5190.83715114276
3977.18697996028
-2211.75651387561
94.7795907444228
3339.9290806724
4090.64042601625
-9925.45699779413
-4216.59446305503
9838.51463736768
7976.74656274615
-7557.51323704081
-1818.56528766663
3913.25151042779
621.215192734593
12913.8243833051
-2204.38967720657
-6700.64013332392
7909.53141076837
2149.25055529316
-15285.7525181854
-12729.0062624318
-3567.20582789881
-573.601908547114
215.630797843183
2156.97465654624
-5728.84056696709
9963.95814933665
6187.88549945366
-40.4798902033897
3659.81850066952
6967.18822080552
1403.18788580887
-4690.90958370381
-11415.5586553127
-4576.69314747763
-4711.96423274883
62.9122900987953
4883.33550490868
2065.16895716964
-7399.15426399199
-4763.90814443795
8526.46204826637
4254.46230832409
-13491.5101757736
-797.902657686631
3256.42754740316
730.980736338754
-13.2943607489146
41.5998822583429
378.791992865919
-9196.19079158715
-4409.65487491923
-7257.11385501456
-8740.27861518149
255.252805637437
6200.11629173297
2564.75275825134
-104.336980053059
-6110.87879841836
-9615.02914492519
6970.14058230254
-7393.19215328116
-5402.70324732551
-8611.93302456815
-3994.74489467667
-5490.84131993603
-4751.23987154745
-6727.11968576174
-2704.39739269981
-5324.88517714559
4050.96133263439
-552.121603368869
-5789.39673940405
-2468.35924411495
-3680.39415811412
-5678.81406537591
-1477.73870803834
-1094.54162076156
1115.37076022488
319.968796589956
2363.14131439554
267.02160465299
2111.3222609034
1350.08191179438
-12803.8887009137
12978.653939731
13053.2459236604
-6395.06479970301
-6909.29641472888
5761.9227505517
6751.45320984088
8739.35157929856
2423.10230856588
7337.47946739539
3858.41740259591
-9035.53958847903
-10619.7979800861
-4702.04010199327
2922.21275930325
-2044.57086031914
-3841.74134809477
-6097.23378329023
393.041244009466
3591.51292481645
-4666.04600070566
4380.1778545123
-11.9954971489005
-16170.6045160407
-12946.5976813053
6741.74589659004
4890.53967162706
1778.54111144287
-3951.35026277025
4165.92727092894
2285.58521634019
4655.97267468052
3910.41971190843
7603.83504164312
-5237.50814302293
-6241.16013131554
5660.14659810098
6669.99762598038
-6491.95512337916
-5082.30890025288
2444.96819097817
-1427.05712638154
-444.321976706572
-5672.96116931268
7735.30543180986
5978.61750681751
3518.52349744081
3411.31462549272
5921.77425849127
5254.42094636485
-8048.29829224111
-4478.29853648238
-5026.27381202093
-6381.00203396239
8201.14151838367
4666.57699718013
-3123.95364478484
532.559646458257
1315.61377368637
-7744.97827455159
-3638.81495371697
-5593.70150155031
-5560.81148086316
-3627.67974325464
12902.9594463586
-2291.3257946604
-8750.40423202992
3997.91762178751
13444.3870266927
5865.34903713515
-3110.76998425556
2462.18853316659
-12928.7614705806
-3906.75397094593
1289.32718222961
-7699.49583143003
1344.62338521009
-3604.69716488737
-999.16154124037
-1485.81948832266
2816.75237388952
261.237602769201
4585.84477583088
-869.838073570235
-6824.06670932807
-17612.8907169332
-2181.49928435663
8070.79894007676
2338.02121445589
1514.89741533512
-5852.01914163272
-2199.67450818703
-3771.3832297383
-3619.42458298559
-2968.52898078833
-5487.36158475254
-5179.61383516877
3980.49621607206
1314.78434289599
-934.548915882105
2003.39235797234
-2385.03934959356
-6760.8842372439
-3210.77241985376
-7010.87324948357
-4455.82169155063
1760.70595332667
-2222.5308821598
-1075.53080815409
-632.845630496951
-1811.59456191279
-7226.32888124383
-650.987320476829
-1237.2163790106
-4634.63840507735
-619.893334622472
3909.31745157331
-1977.22197239194
-7778.54184589273
11209.859875632
581.961416144589
-6132.74893938352
6071.85651723947
3664.79337677252
394.618048517881
-7538.3153190502
-10254.0687237573
-8656.70326241035
-4767.93452524689
-8716.17782356738
6205.91798296801
3027.97226109305
9044.77744090478
-6413.28564059178
-9735.61789283182
-7282.9024942912
-6374.05006457823
-2604.37184608337
7675.6310866314
10474.9518686337
11876.7770821431
-2436.98738547565
2096.3836034128
522.261736984761
-2552.32737736214
1337.92163943014
4093.36743375939
-6518.92665085801
-8705.0617152191
2513.8644580849
12101.0669913355
-4141.11536097301
-6934.89819036139
3993.26395942233
1070.61302581649
1038.64894826396
6124.41126589417
1909.32874206405
-4372.7552239008
3588.46446073939
5761.69652224511
3972.27981416977
-6156.46251944305
1396.53797426128
3737.97000668581
5995.06311109931
-9651.29144301271
5517.9253142866
1893.70460907719
-10387.6347084315
6125.14597946681
2760.26956899752
1385.5381484545
4325.08837515785
2632.48628211932
-2594.85001275974
9565.47577056146
11816.077339853
621.308119607339
-3671.17515800915
-5832.73063905935
7296.88856575201
4480.58568032032
-4274.95467559349
-4143.71531998304
7815.00631626307
-3016.13547149188
-2274.89004808641
3547.25323343582
5680.55908445603
2201.26229859243
-1335.84092875952
6291.70674962824
-1031.46398115497
10604.8653133906
-222.622763525754
5436.86985102115
4375.78998853127
2369.22372448701
862.158275775112
-5161.34454997166
-7877.70411467978
710.008262302213
7408.23448249839
-5621.76704117419
3744.48036303471
-854.702302248832
1143.31884766988
4327.74996731048
-7074.81098334288
3312.34935576301
2154.09530178829
-10429.6125647448
-8827.01554375786
2467.91345911619
3206.28070904702
-5700.22774292969
-8997.26978761325
350.643278979631
-1124.98625784505
955.419467041637
5095.50968380354
-2034.82893219391
-3431.68233143498
3004.92023983934
675.410949619736
-1731.2889251071
9123.83185517952
6546.64963540026
-11038.7718972848
-4562.79086550566
496.94504554872
-7959.15342597978
1930.43385573438
3093.2094847508
4095.26709176362
5214.3052454597
-1369.16858372081
-9171.78492951819
-1809.08154577603
-5442.80913448944
14065.6689174559
4690.93627852853
11886.498896516
5831.63967400219
5386.9592712765
1756.21790501737
-12778.3669383811
2354.14623928939
14079.3406918567
5048.01195185301
-1224.89217803187
-3938.46813817985
-5304.5142567326
-6422.92833810033
-4345.36754461111
-8210.79751822455
3189.75604259375
7624.23476075221
-1135.32959637048
-6576.87211284013
10208.4202072663
-4565.44400961779
-2480.5240583946
10240.7945431452
-1851.23236380039
5648.61390201878
6926.40172347837
-2800.1417501949
-6941.98337596112
2954.7256114632
-784.588200721535
-5346.4080879932
-1106.67705621369
-11045.4660143787
-6133.91491395455
3402.33892283948
-4291.07645311297
-9474.8386597277
436.699262784934
4482.82810579778
762.942882351784
-863.773809129184
1255.5463010843
-1599.05473574863
205.813967196223
-3548.58715019261
1840.70376676547
1269.55442265256
-6735.23194283092
-1018.43481322131
3373.21070604426
-2276.29390422755
-784.827570835545
-16803.9031192048
-9824.11055460994
-4174.51692609485
-1139.66480318567
-4659.9081537952
5838.70158391405
6869.86628685949
-7614.97792871596
800.36383599685
-1360.57050281186
-4189.16595938597
4732.98363150578
1967.95877765241
-247.837340921889
-5640.18815446485
-6660.57376996085
6820.81991975885
-1100.56641086505
-6008.05806819467
327.007743054295
4219.69849665949
-6124.96161074268
2844.44946650938
9478.4808442614
-3808.63084872306
-385.43756114632
-2806.82413459848
1610.03417716297
2190.53299042903
-4359.26334568456
-1541.72315615812
-1681.68848838069
-4205.00697157611
-5043.07445074535
-10114.5320181665
-1075.19059738316
-6217.2146741799
-346.403413660327
-9212.85808761735
-7972.41138663862
6282.58536680077
2601.65539434616
8033.60975966062
4282.47709301005
-4639.66622843251
-4065.7237664606
4267.72437630537
2836.30081669116
-3108.16545215072
-8878.0097540154
2509.15227806119
-3910.47041466441
14952.3805575291
2386.59042761474
-5688.61767623558
2245.08174775381
-4886.74147279615
6866.15854945648
839.868924078497
3136.34142014621
5710.22125037835
711.290706028032
-3857.15907258256
1727.87848399255
5821.37097946615
7030.96182566684
11123.3427733444
647.111654250465
6433.15656328839
9130.46454473118
9119.16342718095
11517.6159576519
5251.8291503328
-638.87602527731
7396.79896357586
-123.137850294448
-1182.88750374206
-1988.75616801731
697.471204946686
9829.20404634692
61.0143633888144
9582.65401045628
7045.31625600409
-6893.24939704844
-7132.05582341875
-3664.24744805799
-1333.18855202562
3185.0151183038
128.797045274767
-7985.40034841559
1047.99120245361
3954.69020378959
163.979769637401
662.138927004582
7601.19987443942
-1958.27860885563
6689.02178935019
1451.98405413398
-233.778977736163
8.51645752462016
