408765.844905398
384942.761180832
324211.276402347
248556.979348024
156437.383997997
76814.7840352889
24274.768189214
-6920.5433153623
-8920.15478543894
2882.13863589741
22166.5462323594
45174.8440025564
61266.9800667123
66306.821165191
55084.0309977889
42259.2465426493
26747.6558848895
1977.31311001038
-2734.06940046696
-10578.5731856702
-6967.15838908414
-5277.58746656161
596.280614429132
10020.3452821858
18233.4333904964
18172.5025495899
20083.226430005
17387.4821588933
20909.358030517
26657.361125597
21803.3378204439
29423.6285926765
23463.6758487812
8098.13737635218
-7995.49257380867
-22078.6805105999
-38493.5956380552
-47307.6562960068
-61263.6984494499
-55149.2617047198
-48552.7718001461
-44361.7147396007
-38036.8700373175
-24320.8384737767
-15672.7442026208
-18430.5357004826
-13003.1646073807
-6108.12127469395
-13397.4928878427
-7146.75730055888
-10346.3975469502
-17011.0441155545
-17989.0928332023
-14443.5401674779
-15774.1640844409
-11816.7426113399
-17021.5110520801
-7208.96209629893
4716.55814917128
2891.68634555352
-1509.48532464459
763.805526778008
432.114465842432
-7089.04518072083
-19737.2443961133
-17965.8614498575
-18556.7021505607
-14092.4515732905
-2988.4682851004
8492.67311703311
23128.277862389
38804.1390578842
52441.8420538968
56614.2167638425
54539.4350280187
42340.6237618596
30748.2674321267
24563.3464315836
6763.40582448632
-479.165376778739
-2874.25739968731
-7641.22954730742
-4492.56365192006
537.086517759777
784.828919456399
4477.98497788462
18050.8145273226
2229.7284870014
13326.0603254627
19552.8336092901
14516.4458081408
10538.0793394052
11588.9004042664
6258.01615589164
2251.89644102535
-1973.82485000251
20399.7497817041
9481.88652047251
5209.78501229332
9351.55463999693
14865.3432160252
14076.5137584475
20531.6944431825
24660.2108453567
27010.7065629675
9765.04015246129
10592.3117950606
9291.63748489954
6671.7152426337
3591.71377118104
-9279.68492902131
2976.59001040378
6399.4073425079
11470.4880980859
6619.50778458559
9717.94318451374
14209.4352620357
15529.247742005
15503.2766158366
14343.1759675723
2387.70401737734
93.2286704183316
-590.650691627823
-10015.3976148653
-1747.72556668326
-3635.6024339673
-14182.5222714502
-2479.77310579149
8373.66287249408
7473.90726608448
18948.7424834161
23760.7865391855
24947.0594495256
32601.2487405016
37833.9765257554
34529.4071258536
20321.2795736497
25013.2380376549
9302.14469171111
7091.7192152938
4495.10024428951
9468.05935557483
10371.228244925
10907.9943415477
9558.25900373038
9079.96429372802
11479.4734642608
7265.71635195018
8780.98588441591
1016.63001891621
-8035.12364699716
-7375.84612819577
-20837.8534734683
-11066.101720279
-14896.3173538092
-2314.18905101366
-2794.01168506888
-7552.99122381423
-2377.49140037466
8739.47612356656
1439.01638313811
10151.9919803564
8747.34210046008
-2598.195089695
2790.22074558584
3073.76434518683
-11191.1339998632
-9694.09945016194
-8894.4613638243
-7625.48083249632
-8113.86145635634
-11149.6683731893
662.562021910402
4285.50541073764
13307.590347278
-881.247148903691
390.045475922085
-847.968157239249
-11124.1147069196
-14016.8227540856
-7335.36923496093
1707.99158019967
7195.06482745817
-13.6032475333814
13559.3671577226
6537.34015835484
4541.04425668366
14011.1731922863
17192.9259310766
12641.4183865526
7557.88507620756
13777.3070463631
11758.6273785127
7908.17269298973
1757.47542284339
-9885.60238807679
-8511.48358018396
-14456.9114002354
-19937.81200456
-19376.6177996996
-24379.2165091995
-21200.4813006727
-21472.4419050909
-15489.218837334
-16221.1590992864
-13157.0840207588
-5887.9226300224
-13218.1444936637
81.3376915657354
-3040.27778544095
-422.331006946361
-218.543304598663
5179.00097964189
217.022186689809
-34.2727659426673
6035.43123053437
-2767.49456650404
-339.28047689251
7846.9596534482
1845.86956157268
3002.13218272888
-8469.10601101645
-12705.6263080666
-20103.3326179124
-21803.7729768948
-15349.3280614667
-9267.36447236913
-23190.7813190142
-21326.834706088
-23033.5200310427
-9850.76213025233
-14801.6489975739
-15194.5013983981
-20532.0595334286
-14838.9649773045
-13027.8703511052
-6648.44351199847
-3336.48201783016
-7172.87304937602
1325.9527948079
-820.39030462691
-8234.60291753598
-13525.3055678815
-9067.8707130293
-13660.9420873899
-11669.6476944809
-13613.7190025664
-4739.10968416533
-14486.6147542291
-17965.7300395524
-15652.2454950738
-15718.2315561143
-19131.9263926655
-14215.5719196478
-11549.4776920258
-16865.6443552835
-16100.4316080243
-15957.0952476584
-19181.9213206102
-13865.166227439
-21064.6671383489
-12411.563255371
-5103.74460931218
1136.3448988674
-6701.84874625246
-7146.66726434115
-3880.72624663991
-8784.5570670134
-14607.2925304984
-23653.1162504024
-27599.0942041629
-25967.1103321855
-28102.9422860549
-29043.6957687271
-23202.728457913
-30678.7692322381
-29761.9398557314
-26731.1877437804
-23515.359776013
-31235.7099183386
-24086.2860577898
-23518.2306828406
-25340.6461528299
-19924.6031204819
-19210.5353674526
-21794.8536101231
-21541.9876103567
-21680.3097929401
-23003.4688066821
-24552.9977338085
-22926.1448510915
-8027.30602095714
-15366.8005292579
-18849.9860050877
-13938.6321118837
-10169.2939179991
-14877.3742262518
-17487.414383525
-19848.6342768696
-23290.4977380557
-18367.9873050254
-32814.1603174009
-25825.2754071441
-21227.1586034383
-23806.2630312064
-16837.688592941
-22130.8216215727
-22309.420851486
-25860.2264035358
-21065.9365064627
-23411.6415016109
-22642.1848875705
-25769.1156531568
-18523.3354348734
-24343.7041351741
-21315.6268218055
-19995.4961333175
-22807.9984665043
-23633.3420649905
-20467.6952999703
-24943.7706957275
-24302.1499510781
-24371.5952566064
-22781.5434133417
-25694.4271688887
-29885.8711448332
-33116.6971275695
-32973.8000440823
-37501.4286249484
-34855.7068186927
-37584.5156508679
-31512.6439834803
-26917.4835107633
-23476.8655449138
-32958.9366174594
-31610.3134550135
-25904.3627926656
-15056.3720609292
-29214.6060354179
-20358.4306556949
-17210.4088645656
-26224.7736728389
-30143.167479408
-23197.7624340565
-18888.4261321714
-18479.0458379165
-20887.1296874632
-23886.4922963602
-19800.8894916614
-21855.4583347234
-25386.4563544705
-25195.2167660944
-21209.7094528705
-26014.1565424083
-31906.5617361619
-35371.9471458436
-37684.5359580827
-29395.8695797895
-33163.9203472947
-37926.2715223373
-34574.9845931315
-39847.4136122958
-34697.9143795181
-40965.4500549889
-30113.9223856583
-27862.5589876132
-20506.7273480154
-31549.8289219122
-21399.1967588881
-22499.3532570939
-24068.3741045205
-26478.0266646691
-15652.2419470093
-24188.4741728697
-25541.5430295264
-22378.1867714636
-26380.5933710844
-15360.2407696486
-25524.2808563273
-27081.206599547
-15669.0619295072
-21421.7296999423
-26892.818922805
-14736.3599689206
-21959.2572515866
-21879.6374554118
-24617.3946273882
-24963.9310914762
-22622.717258018
-33561.7606933313
-29174.9770105094
-22805.9756233656
-20584.2345441222
-14141.1998139813
-18345.0091919719
-22155.9884139419
-15954.7916787986
-26233.190704984
-26944.3379140484
-26309.1214287514
-28547.0568389901
-26000.7698180727
-14987.4810991531
-26597.3863071222
-24935.662025436
-23384.6299976511
-23415.2144992622
-22513.4416828606
-23127.5752357392
-19618.4027259974
-31713.5847846508
-22275.6392223351
-26260.4641090304
-19468.5287067791
-21028.7863517388
-28572.7741774828
-30616.221237015
-25698.1499304154
-25337.6165195099
-31660.2815998704
-26631.6709715988
-23889.4884118619
-21574.8525416474
-19477.4981006886
-18410.8768713346
-11140.9707089244
-18289.926400569
-17091.3538810118
-24335.5881663449
-17096.2607606613
-11604.4653376227
-13207.8255844137
-25177.0049617404
-16255.0703921723
-20992.9056129095
-26978.8204862675
-27387.5690139054
-23310.6563857768
-31043.8269491301
-33303.55297058
-29686.7622900604
-26106.5742521279
-20748.4912935414
-25036.8460897992
-16634.093656148
-14021.57748197
-11248.5081122141
-14920.070691015
-7758.68740213031
-16332.0843003171
-19198.9898346222
-11276.0991867778
-15135.9020216039
-19093.1122245405
-15270.1014501383
-18582.4585888098
-15252.16742561
-16688.4128333288
-27148.4201368309
-26090.5292134548
-29795.3707122363
-27255.6509862444
-19950.556245558
-20078.9911847616
-20343.1671876295
-21362.4727355908
-16477.0949899542
-24104.7240410873
-18750.8079637131
-5062.21505889132
-8263.30783834004
-12361.9126131906
-13222.095783728
-12290.0666409474
67.7343388056756
-482.380122889693
-3912.65399837235
-4373.59336591836
-13409.0750029207
-13384.3885095831
-12013.007751108
-13711.3748544112
-12942.0018601898
-11800.2638439554
-12473.150922179
-10653.8420478809
-14237.7559064308
-16743.918330297
-17126.9809722125
-23024.0489444768
-17349.0753233854
-9480.12752676724
-18364.7656454957
-9737.39939835222
-18372.7440455287
-18067.0379346069
-13497.7811768819
-11885.19988909
-18168.430428247
-14001.7425282294
-9136.90782800212
-9449.40552261831
-10792.6363347993
-5852.74114521206
-12484.1135166149
-11528.0521391294
-11372.0966448555
-8613.62045338321
-8655.26243240726
-13545.3176138536
-19871.1321129544
-17474.1239205938
-11259.2823610407
-8801.82463842136
-9432.22295261219
-22921.5620099016
-16012.3652049295
-7410.97243274967
-10639.0527305815
-16257.5562877838
-16827.7209286414
-6055.92226220174
-15800.1993730378
-14806.4534375647
-11310.6753358483
-5588.14278099165
-10390.2310988297
-10648.1299186006
-9132.70105835584
-8924.26714143154
-13354.9032291547
-8853.60273884511
-12780.8744531674
-8852.429885768
-6764.63594823738
-4213.15188400269
-7436.99161088884
-12425.8496952556
-7644.48838964337
-9698.56663338326
-8319.23459463475
-2808.36194701125
-8087.88198727195
-4155.19584628915
-9999.2733804039
-13110.5291039978
-4027.17743156707
-7744.9001586803
-6813.71041231132
-5190.37535643917
-10025.7913534493
-16190.2584649456
-11039.1381509911
-14692.080158252
-10891.1750644672
-12614.6626699175
-13482.1201923981
-8081.74802892706
-6491.34371741411
-11949.2150914943
-3860.26539818324
-11091.8420082979
3925.76817844053
-5324.18581518645
-3573.06014652881
11923.928401389
4941.72805796123
7233.40728106612
3496.12616682449
4122.11148498882
7183.3076861527
3551.18281233001
7608.3934892863
4678.58264508307
2946.22133868801
3941.80366463201
-5289.57425896433
1704.23679162586
4045.74161275776
1902.86611259026
-2735.7962270461
-6436.06056040013
-14078.4139753708
-11338.1098094348
-13938.9141180651
-22838.1053399707
-19884.3792995357
-15417.7162109154
-21324.1529529946
-17947.7812134675
-18733.8496877506
-21826.9731013979
-17787.6887734461
-14468.6671784584
-6546.45010897562
-10185.3180869689
-219.259419890519
-7411.3441769628
-7529.51315786038
1170.81630118721
6720.69702801825
-3880.05295949627
-257.574304839108
-4063.54894317522
-6021.54611875431
5.69151292522838
-3733.0063160671
2991.35435646267
10832.9997530819
15452.4690641593
4672.72610730989
1969.59542324762
2077.47235827371
-206.267405490315
-2641.33653017733
-6387.0274380727
-8153.07240052428
629.753543429113
-536.40957496666
-2936.54685473977
-5921.56512726867
-4970.78870646057
-3679.60621741589
-5615.37592506031
-12584.551859249
-2676.65148900477
750.252454452867
-860.512128723623
7337.14434574834
5176.82440180988
2468.22853254249
1575.19343540832
-311.676996245772
8082.51325282806
5071.66701686568
8441.44124246478
6529.90942730149
2732.63997454704
5135.37129542248
8096.34937656795
3005.40283071466
-1285.07411771664
9745.52603643404
1261.98404043709
3681.29481983517
2435.03690622499
-6765.84186724866
777.188581510896
3761.42638460113
-1592.12876890756
-9922.50332558223
-4136.05531314885
-8183.28333943012
-450.481769494995
-15170.5973658076
-4004.2974993238
-2909.06934981425
-12788.8858777748
-7759.47816875914
-5087.6360563918
537.226887541609
-3805.95264727552
5310.14820885259
2258.11492495735
-282.913494245988
-94.6887646771511
6940.47977337176
-1288.90737855712
5317.38362712947
-5317.83130182122
2783.2188544707
6845.26759355407
4296.72292747229
49.7144873064021
10557.3579640339
9672.43468380423
1915.0665615491
8022.14816339026
4649.48287388749
-1610.45572794698
-2630.68536985311
4224.58495708124
994.371875197335
1019.95839452069
6999.67858013048
-9258.84972048891
-5178.70580151273
-1030.54674419169
-6107.68641794232
-5004.00469924821
-3304.07279233433
-2992.42507393971
-5771.13643542058
-1600.64395998582
-4683.79795769808
-3007.16661325271
-7398.69165991002
-6048.28774228299
-5122.60433081905
2225.15002053179
-997.838998263419
4887.35321599162
11557.5920702184
12097.142982851
3853.93532546938
9365.04669539076
11905.7503269205
8761.42874068971
9624.82752638758
6214.08758468902
960.874854071334
5759.3760010729
-2203.55141600339
-384.913229874905
9542.12164755255
1715.12915293202
6835.86991264324
1324.27284780848
1596.55359086861
-4534.35999553973
-288.563228562706
1900.53683310226
-788.857795548498
3175.1309214099
6998.54252221156
4011.38008735503
3475.42166671378
-5600.32509795123
-4724.42122955403
6508.75726908142
3840.41850358893
4495.12730018723
302.074252004822
3122.21544706386
1102.60707553609
3071.408810534
6351.81777898967
-260.013522396322
-265.176191818326
1150.10089048511
6327.33561482711
5487.35388487347
-60.2877825416965
2948.85978290817
4914.95079192779
-353.138759806957
2030.15379465147
-567.748915856268
-6151.62886982508
2479.82087019254
2781.56593614562
320.006781632803
-3944.72733278094
4609.39227972023
-6714.84029362198
-5162.97568411485
-1683.58722605259
-6503.83207394524
-8849.63354587033
-10394.4254369916
-9336.21280488127
-3043.2950405406
-12995.3433426922
-4130.32847830794
-3343.64070758793
-5311.24299954865
-6053.63979425105
941.963515768173
2233.42364111212
3638.11290472392
14076.9995498112
7007.36611709531
8029.58715542513
14441.3984018499
8955.28251959607
3910.14514055114
9198.03707609592
10472.4415077068
15587.7067983334
7540.41146224022
10381.1419172244
13385.3019886118
12676.843381171
201.85249869779
5184.34548764051
402.870582919187
8076.8593103571
6353.84496101894
4716.48216028277
-2547.07065549193
-4362.09896058996
-2151.58997563553
-7391.93871006109
-327.979336313362
-9323.26574807778
-5341.62219369003
-2878.38604000227
-1349.08596634783
988.578950338657
8301.83297453465
-2762.18039079007
2306.09808827628
3982.88670104753
7794.3028407694
11273.6697213386
4691.03402537518
3578.56348072557
4459.92635836775
9020.83326414665
2761.88889301239
6752.24725815224
4159.29112690809
-364.220439564757
-2515.16162031452
5366.01543802053
5830.04355031838
-849.319755411927
-2464.82177679969
-1208.08776526465
-4043.41696444242
-3240.0507881256
-4187.79959035903
-9312.66694599179
-10879.4674751081
-3809.34677103277
-2651.27554981323
-11529.1365686745
-12364.1254193272
-8038.62575515031
-14911.5665717067
-8842.35840178935
-2902.59341846144
-8274.60907084175
-5634.7856751575
2891.48213147684
885.026307299743
8267.89327235592
-1112.74148905847
5674.74081704032
1354.16875947912
10607.8739473716
12994.2199226794
7495.62918827641
11406.8984917541
9286.07585185388
10405.7720761914
15380.3052061828
10939.7183336784
10585.3143805338
2628.04767811528
7840.77997107555
7272.28543942956
8032.93913665751
8063.78049247491
9765.21959530061
-1669.46811235726
-1292.93070802466
-4408.83615407895
11140.1721072324
7535.5632265306
6984.61657273048
640.863346688184
-2782.24611914811
3698.34934574235
-3727.84921623183
-10620.2116488849
950.008177953552
2771.71825787008
-2496.1985157421
-4288.99226933954
-1265.29432420398
-6561.96036505699
2916.04514401657
5672.67850445032
-3806.65401917608
-6298.49272631658
-11342.6242894287
-239.419840296164
4504.17563704761
2055.04968509992
-3505.56358410327
1626.26757616001
2823.72399622712
1417.17678719372
6010.49092704512
1864.43634598724
4059.69165996691
3015.22347058991
1293.40449120506
2150.9100536465
-8156.24452716996
-4997.55291080223
-1167.52260299279
-2202.15107784876
1777.41550320095
-6052.87912351461
-7517.80929962469
-9601.88974092121
-7996.40056082629
-5746.29136098531
-5696.57218843041
-8139.77725099442
2490.35693795565
-7197.49016794062
-1134.88413270507
-7160.79737397995
-10229.3887878575
5898.01760747179
-8260.16395129868
-5692.83731159679
-742.56197141607
-3979.35545125866
7976.70439410176
8861.63641277871
9.9931581890819
9620.27888693878
4521.97798417191
7776.27974437612
3621.89109941942
2787.31677279547
9498.07993283089
10034.4796727102
8410.24365952713
14370.8652438775
5672.67819189424
-629.93465921345
-78.8989994738554
4387.17701567839
-3281.52904679736
189.137913727603
3533.57405527956
677.688284514536
4000.98484745927
4677.12569285011
3109.3618400464
-2366.40529331821
-5644.94168122758
-11217.5079652935
-8422.63931620007
-3189.86678009692
-3705.01152376661
-5887.37750648034
-7206.40284132916
-6130.03394062823
4478.1615076824
-281.384776772309
-6200.60592693544
-3613.88175552962
961.332676060195
-9587.16127829629
-10804.0127197026
-2883.18898583282
-2523.3590177471
-128.730622157415
3932.97261628176
-1332.89559452138
926.169925324394
-6856.67484935737
-2814.92111813576
-2961.39029406027
847.324472458266
-3314.3547112141
-1273.30349421615
477.385694296917
721.431390087883
-2904.22697516649
-14212.6692209666
-6011.6183480245
50.1509750155748
-3829.48147588419
-4561.99234534083
1691.44954884157
-2722.62002117869
-1502.66915902234
4801.7987707145
-3943.28030167705
-3165.28687970182
-1077.64959876945
-753.516019874695
-353.227341025934
2979.29594127724
-5157.37541484316
-5945.81841013972
-6395.98199461935
5006.47129881207
1923.69294612422
-10092.596813414
1633.13249880683
2161.66023783911
3099.40951940558
356.24017021632
1634.07914340827
-2280.54715057555
8692.73943457672
5452.64857074268
10597.4203467795
6007.50223880897
4682.01157066738
3088.98431745506
1881.14020190689
2078.72813575241
9571.13242591699
-642.351198150102
5316.68481439083
5118.5611290118
-105.251116114475
-4598.41164505158
5986.60025293361
3340.12941885313
-1404.26309749579
-2691.39752540996
3250.7474821942
-6353.8626660211
-5625.36271880881
-13945.0787443431
1244.73521101738
-4856.04381778394
-7741.83642943038
2835.99939620269
-7232.56872494242
-9077.84574354767
-9490.40138083697
-1227.28137904175
-3884.33236951261
-10823.9916146852
-10507.2377621941
-5356.95635057393
-11262.3436050928
-3915.99673879916
555.638144004432
-1480.62855733155
-3673.01396721794
-7334.30258522617
-7760.35661496751
-511.144391271229
102.865360341796
-6497.19352093767
-1551.98673267064
2740.40259368727
-10124.0340301568
-7721.45005350528
1214.22948085263
173.882299883136
888.271229101691
1121.22534944961
-617.266854922656
983.289133001984
-1115.00114896664
6802.51406190669
6213.10974910633
5295.77927264578
2428.29660399535
184.496826279006
5874.92589677482
1905.11950866049
9927.1225836558
11862.4265594355
7453.16272117127
2412.31191165963
3304.34460261746
-4123.27038531588
1315.61178067619
13434.5354980217
13973.4820281737
6568.65340028571
-3488.56638474784
-54.2405646109883
-1136.95836220476
-3388.38370908328
3211.42171101438
-665.023713405313
-3513.31497188698
-4670.38767810588
3852.29742818857
-250.971408132428
-5285.85721977735
-7666.60798717121
-2192.18630543089
2092.63168094373
-4165.93993178052
-1047.87851365258
-7663.55302465601
7116.01981640919
-3791.37558809652
-5406.25211596765
-5262.1433752279
-3730.63944638782
-8726.42925218182
-2614.26535383235
-4267.81676812633
-7200.00463009109
2489.64381576348
-8807.01043569938
-2646.2270322427
-779.533766547735
9055.31177243956
7855.35738204889
3697.88334083678
7958.85096167949
5620.56831875131
6227.51663335501
2665.64251185197
2954.67920135538
721.790612575073
6323.39827401113
4965.21351518279
4834.59250762648
8426.23899607643
5666.33126561233
-3888.6243467268
-81.6131924843194
360.242694248429
-930.883933562452
-1812.46242667081
-8412.88037948362
-1865.16667735392
-3740.12124445124
1540.25591522249
-4937.70134624799
-3110.23731035622
-4595.01366019493
-6920.44541350491
-2757.75045166125
-1954.80471194005
2497.32998355928
-2870.42970095779
6159.54990608924
-1190.72199110976
-1315.33702042241
-874.10628518871
548.653980561045
-473.937337088747
6325.60299871304
4971.88419320994
3173.17439071596
4587.34488796585
7341.08784613912
3145.87629705786
7486.1462893861
7563.94708688605
-6064.91365846723
-4552.81343811615
1389.54626020964
5829.22276497797
-7406.46741128903
-5208.82864938933
44.5022045723249
344.782567537847
4452.57482920731
-855.370512412739
1888.58651721372
-1399.91819697112
-4460.33680182801
-4366.88486653744
-6459.31978876841
942.601035586036
-1965.0750999928
4597.16946228251
-4100.36998722404
-9005.84745240084
-7051.7261438682
-3713.20685519508
-3687.91247799313
-1298.14506701525
-186.47283713864
-5100.83679597931
-9098.9520639624
-5509.97154068508
-8361.62691652015
-5888.74492889178
2791.65828592611
116.07538949964
1366.23921592829
5810.43371839934
10343.6628604879
3330.47734007671
2877.69667772693
3837.96679712128
1899.73217843431
5645.74524001275
-286.188942922231
8477.62030784663
11825.5372215944
1814.19958723971
7371.68508677112
6529.66902801409
193.086365685636
-1853.91655397549
43.0469463172482
-6813.36654734681
4366.33361933659
5491.3297595351
-4408.24739577738
-3760.24712698979
357.186016347595
2905.37313459805
516.349759502532
2672.12944829793
50.286028249715
-3897.95054435234
-1073.97198757896
-1561.85829977322
-6844.1914440344
-498.406272266369
145.064675715265
1487.62229795447
-7058.44533713825
-4210.16528340529
7641.55997661954
297.873965348057
548.092290897116
-139.707692040545
-6852.87870119866
861.733290313178
-3399.05286929935
-3000.26844247234
-42.2516709336198
-2214.85338073374
4230.61114097934
9245.04292041842
2463.48053946115
7972.34778432591
-3721.87557587661
4466.55997705049
801.606336758658
-8246.43726390623
2767.59239829911
-2330.59965758146
-6524.44957654363
-5721.66030164073
-8636.92978420581
-2127.2960856905
-4502.74556733395
-1966.36683880039
-1752.39758374348
3423.14596016996
-8908.56980575331
-8227.04493084621
-3023.23312515155
-5611.50619832233
1036.6214067939
1901.62544014512
-4650.38443892247
441.473218425954
-1948.13875869097
-5480.58086176983
-5836.41776548303
5319.97301337717
7508.18956550062
424.153168797463
524.205775928415
2375.54944554945
7091.76617439578
5803.85696173565
6989.05961387069
3796.71555506581
6440.31428549233
8049.83827287837
7952.93486092326
7253.66508763232
8571.08756708163
-3813.10039269029
-385.729936682619
6068.06816502589
6768.27308205649
8957.23155092242
5301.39716518347
956.263262645967
3022.21548828082
-3809.76124738465
-10360.4396134847
-578.051141050685
4375.08659318501
2342.49757801679
-8930.63852219231
-5753.9841169099
-5280.18226365331
-6446.36573024016
-8234.20444683696
-5178.55441630734
-7578.96322750016
-1677.27624078923
4918.4149975214
5420.80616826994
3907.19118963369
3489.59457862077
1719.57147911934
2625.50792969666
148.880168750372
-801.845906029833
-396.930446313537
724.642345907567
8952.17597084138
4957.18637853922
13.8183786125019
-2809.62487120121
-4732.43317806373
3743.80435041443
6990.12369501337
1534.77055567882
-370.364452514352
94.5461872042292
-3752.66260034203
630.240235134606
9902.69879796246
2478.06369264946
3529.28215777883
-3527.53284655447
1438.70237287148
-3585.12783886882
-2537.97444746926
-8150.39866346278
824.78170863212
6540.38606617634
-7989.29683561781
-9129.78089752456
828.977979135688
-128.201879328314
-200.666538386653
-6114.81442780137
2246.0595915342
812.903859651208
-6137.78944783946
5870.82476646169
2334.37025461612
2307.69189968966
3284.5870887166
27.0285637465395
9473.47613365184
13104.3087285638
1765.4879822451
4678.40190892846
2646.91958457254
557.49928070284
2123.39675929758
-1330.04684075091
684.194721124922
4197.5470010934
3257.16735710113
2746.59323030451
2947.86391544598
10554.3808413693
6008.3141280317
3279.07543695297
2539.31616967009
5301.91788446342
5463.04014837397
2025.77755287021
6106.48800053968
5520.14508587793
2846.88087933395
186.173347167486
-2144.89016294195
-4046.08885541847
-4669.10509899839
502.774336267789
3169.15236703403
5163.28601864183
-5080.25061764311
-5850.67643399538
-2630.90640736003
-481.202985885783
-6880.26444280617
-6852.05161436463
-8219.08931190012
-2169.72393863296
-2127.65611276274
-10208.9096205163
2868.04213507686
-1672.02123748625
576.239084643819
-790.464220034925
-19.4013354828713
-1617.36574194063
-4185.97535303213
-8904.38961109856
2352.48641807257
3010.94623781001
5761.98243165683
1475.709175272
7213.9158445609
-539.384656916835
-1519.0942804021
6603.20663613695
9389.48804449291
-897.443578012337
6549.73215243718
428.732939102766
-7366.52721978459
2822.27231721417
8792.13598396391
859.647121560251
-919.819041557394
2045.56134788385
6500.01308873039
9929.50837944275
6052.17171232317
7546.01551413198
-591.901420987493
8321.37928345779
2524.47560839118
6847.38884459218
8158.61595671179
5575.53965961806
5425.41757478407
6269.92056092826
9557.17040317823
2327.05511177712
2165.20697353021
2977.37418552174
-212.210678896607
1013.3776217593
135.604473827585
-909.796471135335
-1194.92585139831
-5389.22488147399
-1986.26003256906
772.999839894916
-6011.08550047048
-5779.29301857814
-7456.5448925384
3273.81747795983
-1917.76480918228
1430.17764126944
-4422.35780254997
-5649.32158107774
-3743.5699423526
-6733.6739187687
-1420.64596346766
-234.107225611391
-1222.26818384519
1583.70423512065
317.193644729535
-3229.78797781599
-635.762358704099
2824.72505914692
10429.0699284094
-2100.93960410783
4616.05932511333
2645.85052642103
2085.2915905158
-5121.80460910265
-77.8992732986251
-1939.4762532489
6037.48824411065
-2464.77873355808
-559.255831003019
7000.05826885723
7447.31618736233
11660.8089567737
2328.63834861324
2249.51820894629
-2760.74188379927
100.267383143688
-3742.30681705019
555.287514085311
-1989.6931268892
3477.92870656466
-3819.47842284421
-3008.15290711124
-4242.38980684941
1158.19853446989
-4707.74514046636
922.731636572104
-4416.65944916484
-3759.48527158276
1764.15509803672
-8765.1223394871
-4779.59319096837
4874.22506821099
-4181.2774252798
3783.78555906838
-85.0846080713079
6714.64298801564
6978.56902520699
3235.90968022508
-2926.56562867167
-559.513298679611
9159.84841323932
167.080979600791
-7327.77775272221
2204.27481291503
-1526.34759737667
3974.16982102082
3324.97789883147
3418.73024957697
4219.31371779243
2170.22828379315
-4386.65263615914
11592.0028342038
6420.74051946877
-4849.37531176747
-5430.76300717805
-2066.93586573808
-3895.29542138864
-10293.2807525804
-2298.84402133673
8420.38199882424
-3421.89497102102
-6424.06687756857
1295.78431831033
-4054.95949808962
-10065.6925313108
-6587.3848106304
-5473.08450478194
501.721541876693
3137.86099282983
-3487.71487313901
-2010.94202336859
-6425.78517104443
-1891.95928737895
2148.58530829714
-3490.38872934808
-8875.52770240358
1390.82947502
-8863.00766320801
1828.79405085544
6196.44542203459
12932.7950285245
3654.25540314078
2483.99139544773
3416.23815618776
931.019754600824
-1298.21860347819
-2819.36090978304
5621.77990606877
4458.66626544678
-881.419233127407
-347.240058010635
1349.12729832592
2983.01177364656
3831.63547383515
5335.17484405639
1043.03098480005
3603.40572306587
4544.56957371414
4412.88175169007
2771.17317677896
-2991.12819191603
-3754.18269970751
-4330.31747030342
-3231.019476274
348.460268822445
-3062.54607819219
-3466.35833039656
2085.72407243411
1766.58624979718
2054.64046748173
-3219.23701610708
878.400883563304
1339.26777588512
2679.90626287811
-2186.79466508398
1684.2870466603
1.06361237498322
-9720.90294449914
-3805.90050933367
-518.528340885164
8170.95373205492
238.631114046525
6712.33372989028
-4974.15930000827
5675.92216419366
4835.25474025097
4787.07910499134
-676.901292729182
3947.44585649044
2670.99133451724
-4593.75445973652
-334.136970129866
3395.17229407396
5707.21445130375
1766.84420859327
-507.143258331221
1208.57518355986
1410.33209416448
-1820.80733203684
-3056.88818341658
-2892.28846207926
-2680.67984887187
5771.65920932344
-3797.28303228305
-7030.20591510245
-189.104599039409
5022.48037770481
10245.1893326822
1256.51196477229
-281.854251278203
6389.68201789707
7117.22385773115
12013.6979708349
1785.97909892692
4573.1583776111
12912.191262382
6696.45679832276
-956.484464932443
-1166.70075064956
2666.29508389871
1931.9404531758
3281.43068431196
-4108.79616073267
-572.138051672576
-819.842632450674
4938.11219421964
4888.6625585073
-479.844188288656
2443.3258869112
1596.53842904869
5233.00730962884
-608.669331760922
11002.9341050995
-5663.36301558582
-1497.44374856696
4403.91634783496
6333.43141004556
917.227752117934
-300.406585974967
3304.15543503323
4400.06039398419
-904.797899503964
624.763109358669
-6161.92171599957
4734.90662024712
2893.9143247428
5479.34371376043
3128.64833917629
-2166.78010670084
-142.483407021735
4014.56809346622
3160.29974039334
5230.2643737765
-39.3474602289724
-8136.86887927039
3204.81056336829
-2618.10754933669
-395.65976575812
6561.12107476817
-1169.0600783977
5517.15575436765
995.885948092268
4264.58386324085
-3283.904117819
-318.714325231274
-5467.15823784997
-894.74838951606
-3294.46458084578
-5148.30646833932
309.118308683243
-1234.2276266437
-6966.33941368499
3180.37407647161
-6530.06700351162
-5460.5926125504
-3133.6284164588
1946.88061630285
-1940.28930951313
131.904136358058
-994.845950427013
-1698.05123512314
-1608.08224517825
-4622.90435720125
-1025.51658690828
-4173.05007449972
11651.4553423326
5488.41646732014
-5944.28865305341
1026.2417391984
1.53922920242371
6350.33458972452
-1328.46093390425
3766.31103721482
7811.7048691955
3875.38631329248
2187.31919669252
2790.38716662088
-8328.52794441993
1702.11571538946
-671.116091716555
3486.70365311614
382.493431667614
2940.26681511562
9905.48170827269
7081.12586450011
-91.4232741669023
-3002.05244518503
-5213.73929273234
5345.24993746978
7995.29673846217
4538.30543970544
4981.97129527293
4173.58339225145
-5231.50876498264
7642.78888560092
6849.60021230829
3211.77756268139
1198.76147207801
-4038.74825665625
963.833621423974
9214.48908024113
3029.44304876569
6121.78071146223
4938.40110066166
-5598.36526197703
2513.04514329827
-3664.39634940957
4593.22898799883
3895.55724386234
1782.07573177389
-5896.87723707634
9172.70840557865
2593.89340067948
-3062.27870425282
8899.80245866219
1937.4715772747
-5684.66644029701
-8634.80538137335
-245.509472673055
716.133424695655
-3865.05723879143
-1649.8783661156
60.629483485247
-6358.39853897954
2924.86001031817
-2943.88630852919
463.105088847023
-1640.53697085894
-2073.36977865727
3602.9955161953
3503.64922414559
-6711.70844444695
-1616.69678926992
-3909.32864078671
-5012.29100834508
-2626.50237597635
-5678.23511034724
770.5993792232
-987.825270324187
-4738.43154165682
-5562.78709459108
-2669.85934286596
-6300.87933616493
2507.30217853642
-4002.4115801134
-7528.24505195907
467.320398397003
1523.83852297349
6468.03403783855
691.945924686304
-7335.96873964472
1055.78068124173
1730.46931454678
835.585754154451
-233.908301914697
-2752.59944756161
819.599810209536
-1331.94750656676
2396.00205903833
-1321.59501638933
-1859.96793123442
2552.01008012735
2466.64796098831
3434.94322212215
88.8897622528873
-6390.30702204075
-5611.29839407697
4208.22800699298
6853.82889244119
-433.509282015637
6596.97890784136
7440.74471807099
-3020.43078551966
-2384.68619730229
2279.29456901394
967.169285341064
4445.48544114217
5102.09137413023
13674.3178328623
3008.88773747257
-8774.29861453498
-922.236797336539
-391.320810658366
3096.20754765509
1454.23341725999
678.537571685225
1659.49122278367
4261.46747130895
-3028.56638400983
-2795.98167784085
-2187.37579395994
6762.79065701953
-558.059104122599
9724.02232369523
6182.30312726955
270.127086861663
-405.359888111752
2907.06496669253
3263.66403401019
786.409798044789
-443.483722830445
8170.53485232409
3892.19518389514
-1568.89897271906
-2276.97243473417
-3695.26733670796
5675.7300521643
-2144.94163206642
-5799.29796066481
2163.22385191535
9164.88842156047
215.796568506336
3222.34358990827
-8795.42348391101
-6733.23976150171
1161.3375834106
9888.3389015475
1614.13981837544
1964.82943523636
-10165.9727554563
4866.73443722437
-2033.24064129838
-8070.82163936774
729.291879199295
-2684.67205806262
-39.0385767537325
1624.90942161632
-2216.84685405978
-2093.85555732261
3720.72823901746
1743.22598473195
-2211.52022230787
1057.65559423463
2919.15723951514
-1701.12482526573
-1615.95700732108
3873.704165294
1094.6830394827
-2638.28505468489
3543.07529639228
237.71518317154
-4210.81995461588
-1278.7267356585
2060.50191443013
3180.85089059834
381.914726717456
4684.42312291916
5034.88004973421
-2952.01105573517
2437.94287297559
-7998.47446190403
1333.32312135766
2389.52317404399
2883.72787985372
9533.33088402878
9121.50907049267
3114.28048484549
900.562925433355
2638.52522751167
-2203.14988092445
-3514.76913009564
7640.27019386607
1170.54171693999
734.242211786617
480.734114470576
-15.4783386302148
-4530.94194128416
961.820216644041
-2772.31321725081
5426.01045120626
2311.75691101479
-4129.72705723327
5672.9903259444
7602.61847069053
-310.551145498141
832.33446314304
2156.5848567389
4039.57633550667
2946.3546930916
2013.82776698999
-2185.31176294116
478.408989550393
-1903.97257654738
704.697285503712
-397.735419825362
-2555.12410040062
1034.70187772313
-4812.46138609742
2897.73502693885
-7742.70198879481
-7018.55798563429
-1137.95088298938
-814.407531410607
3581.36839602945
-2247.50148824055
560.72653633685
2880.27500534592
9993.67664601337
6508.86520662907
-9857.99815410862
-4006.89741031878
-2857.18634540805
-1679.87371104681
-1091.07885732304
-1478.11914099773
1878.49894254045
872.562141352963
-3839.16458588966
289.802145819826
4287.07020489144
350.966895527198
-3463.76641953245
-2783.82423761455
773.285345183929
8802.88739805456
2984.4422321454
-9082.9783996631
-5679.05413579806
1474.9975133763
-3294.70714178125
-2159.96456425649
2044.64423910663
-6747.95685044871
-1190.23569231316
-3670.47657058928
3404.41883977034
3805.15758154717
-5026.96603922835
-3615.12733145898
-5468.57909965771
-5792.97891179111
9303.65397370819
-782.439883275769
-2042.17240705645
-1385.51148896496
5010.9454074744
2970.77280012293
-3026.21545072398
4246.92075361332
-1332.20543761483
139.936982406718
-900.566617362105
5360.61415964758
5675.90226733222
2399.82510146307
3698.78287638354
4579.76920199959
8399.64346912927
-1400.06874129903
-386.670236177219
1754.64791387818
-4988.98242134284
2980.2484432482
3935.03316632579
2314.52674247597
-2854.82170111515
-3565.74139131785
2715.36810023086
-2953.48442217346
-876.013728700189
1619.83083649834
-1618.75341867136
8922.92291936758
-4569.69308318075
-4933.11442553486
-661.790517352724
-1438.2922917009
-4721.75111442765
-587.727111823994
2420.03059409582
-6614.28578228754
-10806.5825607576
-828.836821501393
5132.63726719684
5168.52016196742
-630.540246854541
-1890.04947976307
-7405.73306517532
525.086876599284
7787.67498183663
402.981647087416
-583.249467892302
-631.788752627702
6421.51738366735
4092.64619213589
-1454.12766127317
-2260.68243672966
-1853.84848213629
10714.4674786795
3442.3369153605
-4313.20954915981
-7376.25780296801
3581.60350581275
1824.83000422602
7884.12157258975
2779.26001323239
-5772.94222688923
-7508.70692758577
-1810.22314653268
3978.60774983242
6439.73593792953
-2858.21305098084
3005.27536605586
5371.39324038442
799.334454110642
3594.80718032692
490.434000196543
-712.040011919242
-1427.05642139803
509.833734375206
90.519748052501
-970.608199930275
358.655553416998
1651.83786034199
-2436.4909607795
-8570.84896320059
-691.32342786335
1011.59077992521
6957.37471819193
6729.1735584729
-3027.95767817371
-7644.06543288309
379.392719571106
-1456.52620172962
-5382.00045963187
-579.692408582098
5753.97668929434
1669.98902100175
3245.96710214177
-206.804605464957
-4268.42296182624
-3710.11928869879
-6884.59655136389
-1097.67148352689
5401.40792454864
-5261.4055043087
-1707.38494304686
-966.140086454369
-2417.29247809805
1614.43364628575
-7364.17632544579
-3016.06125402848
-5145.28835425758
-3503.47817966843
970.98887899121
577.541609203194
6394.30195389604
-344.091934515363
25.1739780068428
1.02917467109335
