0.000000000000000000e+00
4.864258032723112191e-01
9.436397230270877623e-01
1.344184170302925585e+00
1.664004792598982707e+00
1.883895037338961131e+00
1.990649584877450362e+00
1.977857382620853199e+00
1.846286655280396927e+00
1.603838769797413910e+00
1.265073725543147454e+00
8.503357660712812516e-01
3.845316230578276762e-01
-1.043652360615711094e-01
-5.869945306344305225e-01
-1.034372373209948570e+00
-1.419631871987307781e+00
-1.719636598909858316e+00
-1.916370027965583978e+00
-1.998017502170994497e+00
-1.959675752641207191e+00
-1.803647360188317395e+00
-1.539302475809864346e+00
-1.182516104324616846e+00
-7.547147446032234086e-01
-2.815896395952921516e-01
2.084460891835556162e-01
6.859637672423239962e-01
1.122286480866377723e+00
1.491211244521853496e+00
1.770582598629637072e+00
1.943623136647083083e+00
1.999941057797234301e+00
1.936154237732408356e+00
1.756093339104860540e+00
1.470571764413768134e+00
1.096736266412607241e+00
6.570372146106892020e-01
1.778803576290881594e-01
-3.119589513362796551e-01
-7.830638336174895464e-01
-1.207142490438319893e+00
-1.558727242572087945e+00
-1.816703969927342399e+00
-1.965580101881716057e+00
-1.996415010294317449e+00
-1.907356931243984421e+00
-1.703754171119916005e+00
-1.397833918678510701e+00
-1.007967951732245293e+00
-5.575693358242502784e-01
-7.368637270137151640e-02
4.146217621983776525e-01
8.780301435494953788e-01
1.288709179323741072e+00
1.621995893019000823e+00
1.857875037514510552e+00
1.982181093532996874e+00
1.987448967725157667e+00
1.873362302434283588e+00
1.646772474283411114e+00
1.321287140641190128e+00
9.164530434548234794e-01
4.565821464634373661e-01
-3.070839888736685147e-02
-5.161547777378099333e-01
-9.706039250621631975e-01
-1.366764287930921418e+00
-1.680844796264058250e+00
-1.893983615095513606e+00
-1.993380875859754875e+00
-1.973067361496594785e+00
-1.834262982651023055e+00
-1.585303516987964567e+00
-1.241140011229467710e+00
-8.224409088947246538e-01
-3.543508246896369118e-01
1.350194937167285281e-01
6.162813324813490867e-01
1.060532925536619597e+00
1.441095125309560521e+00
1.735113595997747504e+00
1.924931311061953698e+00
1.999148930778180233e+00
1.953309379786702715e+00
1.790165512921803259e+00
1.519514794880871156e+00
1.157610921903211576e+00
7.261877200129475129e-01
2.511539387780600263e-01
-2.389626763755854366e-01
-7.147285933952874926e-01
-1.147572099069910756e+00
-1.511499148708517204e+00
-1.784654416151575607e+00
-1.950633796598178371e+00
-1.999469541020002517e+00
-1.928228860761622920e+00
-1.741190053642395652e+00
-1.449585574458241100e+00
-1.070927479563517748e+00
-6.279557553788073232e-01
-1.472726880521728621e-01
3.422547139700161667e-01
8.112283033232274843e-01
1.231484274196108508e+00
1.577784515480867178e+00
1.829332263842885054e+00
1.971021035467338534e+00
1.994341832960186744e+00
1.897894145872939697e+00
1.687470057153862113e+00
1.375706404584981613e+00
9.813258863508392826e-01
5.280126854917756019e-01
4.299013664869563711e-02
-4.446141478994730112e-01
-9.055175119551153173e-01
-1.312040800150535036e+00
-1.639770605832452377e+00
-1.869025397214524320e+00
-1.986037474851867213e+00
-1.983779778997457166e+00
-1.862387893635274683e+00
-1.629151904100675008e+00
-1.298078597271629997e+00
-8.890502960220308948e-01
-4.266308434109907233e-01
6.140955779872497855e-02
5.457620607982545113e-01
9.973392923358658235e-01
1.389022169916136251e+00
1.697288514989503172e+00
1.903625657167008267e+00
1.995642196728331985e+00
1.967812159481165724e+00
1.821806854391618602e+00
1.566394504560771006e+00
1.216913679122934910e+00
7.943521486602089787e-01
3.240864826798703358e-01
-1.656419184554644708e-01
-6.454228365523090316e-01
-1.086443440960831008e+00
-1.462218618354115929e+00
-1.750181513444153847e+00
-1.933038762079300144e+00
-1.999809029364227886e+00
-1.946482484288238224e+00
-1.776261606680065830e+00
-1.499368865034373499e+00
-1.132432814952827993e+00
-6.974894855302414820e-01
-2.206590245678537732e-01
2.694229244517178379e-01
7.433249113206430447e-01
1.172587159550912750e+00
1.531430693789188169e+00
1.798305474023871087e+00
1.957184564715088948e+00
1.998526618632850971e+00
1.919848874263901051e+00
1.725876255920363533e+00
1.428257622471410526e+00
1.044866205136434800e+00
5.987262459467163067e-01
1.166302966803598878e-01
-3.724697848058252103e-01
-8.392015135147266047e-01
-1.255535716649128775e+00
-1.596469801491825491e+00
-1.841529264620979101e+00
-1.975997270614539003e+00
-1.991798458951954176e+00
-1.887983902849230899e+00
-1.670788096241310194e+00
-1.353254546607512321e+00
-9.544524583412612451e-01
-4.983315480706220768e-01
-1.228376501196671265e-02
4.745017089962211276e-01
9.327913907194848031e-01
1.335063087236078916e+00
1.657158717576610041e+00
1.879735105512126747e+00
1.989425617376422206e+00
1.979642883761865146e+00
1.850974398327121850e+00
1.611147236370435776e+00
1.274564011964284704e+00
8.614379413466966007e-01
3.965789555940308908e-01
-9.209623846501524547e-02
-5.752406720825616881e-01
-1.023839521575333311e+00
-1.410952568621527181e+00
-1.713332071916425337e+00
-1.912818890294147645e+00
-1.997433014342105517e+00
-1.962093015569043919e+00
-1.808921207225458350e+00
-1.547116190605527297e+00
-1.192400440952873231e+00
-7.660761077237696615e-01
-2.937457323113504271e-01
1.962252905714943207e-01
6.744121722907724381e-01
1.112097810681182963e+00
1.482997370933532455e+00
1.764836798756431735e+00
1.940690469561706655e+00
1.999997642300771927e+00
1.939196675691137850e+00
1.761938919522242575e+00
1.478869435982299363e+00
1.106987719598333086e+00
6.686268072039958099e-01
1.901120866083634564e-01
-2.998196519412896222e-01
-7.717459789978897700e-01
-1.197325764625222000e+00
-1.551001180596429885e+00
-1.811532553800273559e+00
-1.963273896553763054e+00
-1.997112512944194895e+00
-1.911016253949578081e+00
-1.710155556401441013e+00
-1.406592936845071584e+00
-1.018558587476503519e+00
-5.693555776195508011e-01
-8.596040792735258618e-02
4.025970401773140139e-01
8.669768690786946452e-01
1.279291147300942955e+00
1.614778695262208297e+00
1.853292096631630637e+00
1.980507634099557990e+00
1.988785487909048300e+00
1.877628538664642965e+00
1.653712221410381433e+00
1.330483638115998568e+00
9.273540035262813896e-01
4.685329213441667418e-01
-1.842550271077262464e-02
-5.042773990376907545e-01
-9.598453496073950930e-01
-1.357770612723104398e+00
-1.674156128737466664e+00
-1.890001637429333137e+00
-1.992344722300100512e+00
-1.975039257354884281e+00
-1.839124507416385557e+00
-1.592762715969254561e+00
-1.250748928643272695e+00
-8.336224894649195694e-01
-3.664335682059850496e-01
1.227612060305900421e-01
6.045836615560420402e-01
1.050098364945079465e+00
1.432550313619245230e+00
1.728971684530224984e+00
1.921561147031226380e+00
1.998752906488357572e+00
1.955911278136111431e+00
1.795609079141481157e+00
1.527473120280422370e+00
1.167606076091177059e+00
7.376194525957171511e-01
2.633357268812951402e-01
-2.267623995657740976e-01
-7.032425050162531832e-01
-1.137489986286556398e+00
-1.503426484138179919e+00
-1.779075996726326103e+00
-1.947884629501773324e+00
-1.999714725119420056e+00
-1.931453671736520050e+00
-1.747200828241496362e+00
-1.458021340779439567e+00
-1.081281634911217093e+00
-6.396064898532759502e-01
-1.595203268087573012e-01
3.301456923496463580e-01
7.999850957243990202e-01
1.221782081787290641e+00
1.570205995087818218e+00
1.824332536993860110e+00
1.968900356460828949e+00
1.995227557351135994e+00
1.901733082244355222e+00
1.694031661481639084e+00
1.384596625361134592e+00
9.920108290080639213e-01
5.398506749828232421e-01
5.527025268979775252e-02
-4.326293771220264262e-01
-8.945478215490827445e-01
-1.302744965444435188e+00
-1.632706880189532805e+00
-1.864617986606777578e+00
-1.984551062535028443e+00
-1.985303630185606627e+00
-1.866830494755101322e+00
-1.636246458560477235e+00
-1.307399047701331529e+00
-9.000369107822531189e-01
-4.386238307956851767e-01
4.913042633862976100e-02
5.339341979482953304e-01
9.866730102330899532e-01
1.380158022964205422e+00
1.690758831914626281e+00
1.899822572473787163e+00
1.994794101399142150e+00
1.969969985152037584e+00
1.826841014696599652e+00
1.574002677329781941e+00
1.226638962079769080e+00
8.056104982960831107e-01
3.362017884843008786e-01
-1.533972307590976136e-01
-6.337841111589103127e-01
-1.076109631520045351e+00
-1.453810312909695535e+00
-1.744203665552365390e+00
-1.929850366257143790e+00
-1.999601561982272013e+00
-1.949268404621781414e+00
-1.781873608678067988e+00
-1.507469924740539646e+00
-1.142536430189585284e+00
-7.089888923689208200e-01
-2.328636360148932383e-01
2.572460458465568034e-01
7.319070375356303559e-01
1.162613981182126999e+00
1.523501141491320654e+00
1.792895750244504427e+00
1.954619545765965416e+00
1.998960344522236143e+00
1.923255297956310228e+00
1.732050807568890072e+00
1.436829494684012110e+00
1.055320621495160260e+00
6.104353754630454931e-01
1.288909576455335160e-01
-3.603938958475987886e-01
-8.280356036953288035e-01
-1.245950345085230504e+00
-1.589040609433821416e+00
-1.836702405812276062e+00
-1.974062617912072826e+00
-1.992872196260865314e+00
-1.892001547798350281e+00
-1.677508372616513421e+00
-1.362273873987356110e+00
-9.652291887723222219e-01
-5.102184942698573256e-01
-2.456706664252647845e-02
4.625597150558973802e-01
9.219078706509299392e-01
1.325891641482281225e+00
1.650250129429206680e+00
1.875504264294164614e+00
1.988126602620688299e+00
1.981353706682981830e+00
1.855592316925071428e+00
1.618394925513043425e+00
1.284006217909725134e+00
8.725076205327753076e-01
4.086113279519447694e-01
-7.982376671499852305e-02
-5.634651136828624507e-01
-1.013268047564124696e+00
-1.402220039784095151e+00
-1.706962912766212037e+00
-1.909195595209434160e+00
-1.996773177194863358e+00
-1.964436262312002857e+00
-1.814126816189551628e+00
-1.554871543418821167e+00
-1.202239796568118191e+00
-7.774085720967349733e-01
-3.058907440346810835e-01
1.839970897378187809e-01
6.628351364372616628e-01
1.101867188745216497e+00
1.474727554121943562e+00
1.759024423809716353e+00
1.937684593661325394e+00
1.999978780740299555e+00
1.942165961185379430e+00
1.767718034183014320e+00
1.487111320045995555e+00
1.117197413801655603e+00
6.801911771370977577e-01
2.023366439748710000e-01
-2.876690424266793999e-01
-7.603990117456853604e-01
-1.187463872000739773e+00
-1.543216610084618967e+00
-1.806292801092148181e+00
-1.960893630494471962e+00
-1.997734678366017036e+00
-1.914603487242871216e+00
-1.716492429354129934e+00
-1.415298893998711893e+00
-1.029110800057284392e+00
-5.811203415708484643e-01
-9.823120046225966573e-02
3.905571309573152017e-01
8.558908895731532906e-01
1.269824856480347819e+00
1.607500583085225365e+00
1.848639243869248494e+00
1.978759463825178200e+00
1.990046984985884393e+00
1.881823944970041795e+00
1.660589585424768089e+00
1.339629945654775112e+00
9.382199809517230982e-01
4.804660217216800699e-01
-6.141911467516340643e-03
-4.923809974426658909e-01
-9.490505658331059857e-01
-1.348725718230628257e+00
-1.667404306891195676e+00
-1.885948363086850765e+00
-1.991233411368118489e+00
-1.976936648656222095e+00
-1.843916654747319139e+00
-1.600161831040808114e+00
-1.260310663959619326e+00
-8.447726232301866478e-01
-3.785024887208167099e-01
1.104982874140882920e-01
5.928631838750276772e-01
1.039624191412600318e+00
1.423951461723925282e+00
1.722764550931612959e+00
1.918118495802398460e+00
1.998281483089789923e+00
1.958439393494799896e+00
1.800984909462566064e+00
1.535373824694639122e+00
1.177557184585818595e+00
7.490233599034670231e-01
2.755075811507735617e-01
-2.145535685806364279e-01
-6.917298881664019072e-01
-1.127364963881459792e+00
-1.495297105695607032e+00
-1.773430465081194285e+00
-1.945061982204522311e+00
-1.999884473827333142e+00
-1.934605622336848851e+00
-1.753145693050136344e+00
-1.466402106050102461e+00
-1.091595000989075803e+00
-6.512330964032273517e-01
-1.717619479678471339e-01
3.180242166181042607e-01
7.887117102266256730e-01
1.212033799999560291e+00
1.562568241693943927e+00
1.819263990709038437e+00
1.966705404475604935e+00
1.996038015620355210e+00
1.905500279393287588e+00
1.700529361723510657e+00
1.393434614892881784e+00
1.002658349964921980e+00
5.516682996455803956e-01
6.754828376697347148e-02
-4.206282862334805306e-01
-8.835443860471166033e-01
-1.293399987190376521e+00
-1.625581563820106545e+00
-1.860140236872120267e+00
-1.982989786846694580e+00
-1.986752589613087316e+00
-1.871202673285408569e+00
-1.643279288769995405e+00
-1.316670179016741216e+00
-9.109895733812725105e-01
-4.506002719400598044e-01
3.684944152773293041e-02
5.220861934577543106e-01
9.759695077888873582e-01
1.371241812205636901e+00
1.684165368215055025e+00
1.895947820628385072e+00
1.993870756299513491e+00
1.972053497494510754e+00
1.831806260938281694e+00
1.581551473875397962e+00
1.236317972441229429e+00
8.168384578255210027e-01
3.483044117229254777e-01
-1.411467564472496106e-01
-6.221214774789773916e-01
-1.065735227913334748e+00
-1.445347165267680811e+00
-1.738160020932313365e+00
-1.926589170542032381e+00
-1.999318663477672953e+00
-1.951980792554230071e+00
-1.787418392921661159e+00
-1.515514118043423286e+00
-1.152596945437222908e+00
-7.204615539654202205e-01
-2.450594631291548864e-01
2.450594631291354297e-01
7.204615539654019019e-01
1.152596945437183606e+00
1.515514118043410408e+00
1.787418392921652499e+00
1.951980792554225852e+00
1.999318663477674951e+00
1.926589170542037710e+00
1.738160020932322913e+00
1.445347165267694356e+00
1.065735227913375383e+00
6.221214774789960433e-01
1.411467564472691505e-01
-3.483044117229061598e-01
-8.168384578255031281e-01
-1.236317972441191682e+00
-1.581551473875403291e+00
-1.831806260938273700e+00
-1.972053497494498098e+00
-1.993870756299515046e+00
-1.895947820628391289e+00
-1.684165368215081005e+00
-1.371241812205671762e+00
-9.759695077888795867e-01
-5.220861934577731844e-01
-3.684944152775252585e-02
4.506002719399853085e-01
9.109895733812550800e-01
1.316670179016747877e+00
1.643279288769984303e+00
1.871202673285391693e+00
1.986752589613085096e+00
1.982989786846697244e+00
1.860140236872138031e+00
1.625581563820117870e+00
1.293399987190413158e+00
8.835443860471342559e-01
4.206282862334996819e-01
-6.754828376689708813e-02
-5.516682996455616328e-01
-1.002658349964880458e+00
-1.393434614892888224e+00
-1.700529361723500443e+00
-1.905500279393264274e+00
-1.996038015620353878e+00
-1.966705404475608487e+00
-1.819263990709058421e+00
-1.562568241693973903e+00
-1.212033799999553407e+00
-7.887117102266436586e-01
-3.180242166181236341e-01
1.717619479677709726e-01
6.512330964032088110e-01
1.091595000989083353e+00
1.466402106050089138e+00
1.753145693050113252e+00
1.934605622336843966e+00
1.999884473827332920e+00
1.945061982204533413e+00
1.773430465081203389e+00
1.495297105695639006e+00
1.127364963881476001e+00
6.917298881664202259e-01
2.145535685807124227e-01
-2.755075811507541328e-01
-7.490233599034225032e-01
-1.177557184585825700e+00
-1.535373824694608480e+00
-1.800984909462557626e+00
-1.958439393494795899e+00
-1.998281483089790811e+00
-1.918118495802420220e+00
-1.722764550931637384e+00
-1.423951461723919065e+00
-1.039624191412617193e+00
-5.928631838751007299e-01
-1.104982874141078597e-01
3.785024887207975031e-01
8.447726232301946414e-01
1.260310663959582023e+00
1.600161831040813443e+00
1.843916654747311590e+00
1.976936648656219209e+00
1.991233411368125594e+00
1.885948363086857205e+00
1.667404306891222321e+00
1.348725718230642689e+00
9.490505658331231942e-01
4.923809974427399982e-01
6.141911467535935212e-03
-4.804660217216334961e-01
-9.382199809517308697e-01
-1.339629945654739585e+00
-1.660589585424757209e+00
-1.881823944970035134e+00
-1.990046984985882395e+00
-1.978759463825189302e+00
-1.848639243869266702e+00
-1.607500583085220036e+00
-1.269824856480362918e+00
-8.558908895732223465e-01
-3.905571309573344640e-01
9.823120046224008417e-02
5.811203415708569020e-01
1.029110800057243313e+00
1.415298893998718111e+00
1.716492429354119720e+00
1.914603487242865443e+00
1.997734678366013483e+00
1.960893630494475959e+00
1.806292801092168832e+00
1.543216610084631402e+00
1.187463872000778409e+00
7.603990117457034570e-01
2.876690424266987733e-01
-2.023366439748232326e-01
-6.801911771370793280e-01
-1.117197413801662709e+00
-1.487111320045982454e+00
-1.767718034183005216e+00
-1.942165961185361223e+00
-1.999978780740299555e+00
-1.937684593661337384e+00
-1.759024423809712134e+00
-1.474727554121975981e+00
-1.101867188745232928e+00
-6.628351364372802035e-01
-1.839970897378382930e-01
3.058907440346897988e-01
7.774085720966907864e-01
1.202239796568125074e+00
1.554871543418808955e+00
1.814126816189543412e+00
1.964436262311988424e+00
1.996773177194864468e+00
1.909195595209448593e+00
1.706962912766222251e+00
1.402220039784129346e+00
1.013268047564141572e+00
5.634651136828813245e-01
7.982376671498969678e-02
-4.086113279519255626e-01
-8.725076205327833012e-01
-1.284006217909710257e+00
-1.618394925513031879e+00
-1.855592316925042784e+00
-1.981353706682971394e+00
-1.988126602620693628e+00
-1.875504264294161505e+00
-1.650250129429233770e+00
-1.325891641482295880e+00
-9.219078706509472587e-01
-4.625597150559164206e-01
2.456706664250688649e-02
5.102184942698109182e-01
9.652291887722802555e-01
1.362273873987383421e+00
1.677508372616502763e+00
1.892001547798343841e+00
1.992872196260863760e+00
1.974062617912080597e+00
1.836702405812294936e+00
1.589040609433850726e+00
1.245950345085290234e+00
8.280356036952949417e-01
3.603938958476181065e-01
-1.288909576455139760e-01
-6.104353754630538198e-01
-1.055320621495143607e+00
-1.436829494683978803e+00
-1.732050807568851880e+00
-1.923255297956289356e+00
-1.998960344522234589e+00
-1.954619545765963640e+00
-1.792895750244525743e+00
-1.523501141491333311e+00
-1.162613981182142986e+00
-7.319070375356485636e-01
-2.572460458465762323e-01
2.328636360148455542e-01
7.089888923688759670e-01
1.142536430189615704e+00
1.507469924740526768e+00
1.781873608678059107e+00
1.949268404621776973e+00
1.999601561982272901e+00
1.929850366257149119e+00
1.744203665552388705e+00
1.453810312909747937e+00
1.076109631520038024e+00
6.337841111589019860e-01
1.533972307591171536e-01
-3.362017884843095938e-01
-8.056104982960651251e-01
-1.226638962079731110e+00
-1.574002677329734867e+00
-1.826841014696568566e+00
-1.969969985152038916e+00
-1.994794101399143482e+00
-1.899822572473802262e+00
-1.690758831914636717e+00
-1.380158022964240061e+00
-9.866730102331318086e-01
-5.339341979483142042e-01
-4.913042633867775733e-02
4.386238307956660254e-01
9.000369107822864256e-01
1.307399047701316652e+00
1.636246458560465911e+00
1.866830494755084002e+00
1.985303630185597301e+00
1.984551062535034216e+00
1.864617986606794897e+00
1.632706880189544130e+00
1.302744965444428527e+00
8.945478215490748619e-01
4.326293771220455220e-01
-5.527025268980657879e-02
-5.398506749828043683e-01
-9.920108290080222879e-01
-1.384596625361079525e+00
-1.694031661481598450e+00
-1.901733082244358108e+00
-1.995227557351134440e+00
-1.968900356460837386e+00
-1.824332536993868326e+00
-1.570205995087847972e+00
-1.221782081787328833e+00
-7.999850957244170058e-01
-3.301456923496937090e-01
1.595203268087377613e-01
6.396064898533112553e-01
1.081281634911200662e+00
1.458021340779426023e+00
1.747200828241473047e+00
1.931453671736500288e+00
1.999714725119419167e+00
1.947884629501784204e+00
1.779075996726334985e+00
1.503426484138174146e+00
1.137489986286572607e+00
7.032425050162715019e-01
2.267623995657935820e-01
-2.633357268812757113e-01
-7.376194525956725201e-01
-1.167606076091114886e+00
-1.527473120280428143e+00
-1.795609079141484932e+00
-1.955911278136107434e+00
-1.998752906488359349e+00
-1.921561147031231931e+00
-1.728971684530241859e+00
-1.432550313619298743e+00
-1.050098364945096341e+00
-6.045836615560471472e-01
-1.227612060306095959e-01
3.664335682060076427e-01
8.336224894649146844e-01
1.250748928643257374e+00
1.592762715969225473e+00
1.839124507416361132e+00
1.975039257354876732e+00
1.992344722300104731e+00
1.890001637429344017e+00
1.674156128737461779e+00
1.357770612723118830e+00
9.598453496074247360e-01
5.042773990376959725e-01
1.842550271079222007e-02
-4.685329213441200569e-01
-9.273540035262136660e-01
-1.330483638116005229e+00
-1.653712221410378547e+00
-1.877628538664631197e+00
-1.988785487909043193e+00
-1.980507634099560654e+00
-1.853292096631643293e+00
-1.614778695262253372e+00
-1.279291147300957832e+00
-8.669768690786995302e-01
-4.025970401773332208e-01
8.596040792736141245e-02
5.693555776195455831e-01
1.018558587476474431e+00
1.406592936845037389e+00
1.710155556401401489e+00
1.911016253949563870e+00
1.997112512944194007e+00
1.963273896553769493e+00
1.811532553800275780e+00
1.551001180596442319e+00
1.197325764625260414e+00
7.717459789978946549e-01
2.998196519413370842e-01
-1.901120866083156613e-01
-6.686268072040175703e-01
-1.106987719598340414e+00
-1.478869435982286040e+00
-1.761938919522226588e+00
-1.939196675691126082e+00
-1.999997642300771927e+00
-1.940690469561714648e+00
-1.764836798756467706e+00
-1.482997370933545778e+00
-1.112097810681187404e+00
-6.744121722907909788e-01
-1.962252905714855500e-01
2.937457323113450980e-01
7.660761077237383532e-01
1.192400440952834595e+00
1.547116190605478891e+00
1.808921207225437922e+00
1.962093015569040144e+00
1.997433014342107072e+00
1.912818890294149199e+00
1.713332071916435551e+00
1.410952568621561154e+00
1.023839521575337974e+00
5.752406720826076514e-01
9.209623846506320710e-02
-3.965789555940534838e-01
-8.614379413467045943e-01
-1.274564011964269605e+00
-1.611147236370415570e+00
-1.850974398327098314e+00
-1.979642883761862482e+00
-1.989425617376427313e+00
-1.879735105512152726e+00
-1.657158717576605156e+00
-1.335063087236082913e+00
-9.327913907195146681e-01
-4.745017089962125789e-01
1.228376501194711895e-02
4.983315480705893807e-01
9.544524583411939656e-01
1.353254546607455922e+00
1.670788096241307308e+00
1.887983902849224460e+00
1.991798458951949735e+00
1.975997270614539669e+00
1.841529264620992201e+00
1.596469801491854579e+00
1.255535716649132993e+00
8.392015135147701255e-01
3.724697848058723948e-01
-1.166302966803828833e-01
-5.987262459467247444e-01
-1.044866205136418147e+00
-1.428257622471386767e+00
-1.725876255920332003e+00
-1.919848874263891725e+00
-1.998526618632849194e+00
-1.957184564715104491e+00
-1.798305474023867090e+00
-1.531430693789191722e+00
-1.172587159550940061e+00
-7.433249113206480407e-01
-2.694229244517372668e-01
2.206590245678060336e-01
6.974894855301697616e-01
1.132432814952753164e+00
1.499368865034369946e+00
1.776261606680056726e+00
1.946482484288230452e+00
1.999809029364228108e+00
1.933038762079308803e+00
1.750181513444176939e+00
1.462218618354129251e+00
1.086443440960871198e+00
6.454228365523141386e-01
1.656419184554415169e-01
-3.240864826798789955e-01
-7.943521486601909931e-01
-1.216913679122896941e+00
-1.566394504560732370e+00
-1.821806854391604613e+00
-1.967812159481157064e+00
-1.995642196728333095e+00
-1.903625657167005603e+00
-1.697288514989506059e+00
-1.389022169916160454e+00
-9.973392923358642692e-01
-5.457620607982733851e-01
-6.140955779877297488e-02
4.266308434109229997e-01
8.890502960219496265e-01
1.298078597271625778e+00
1.629151904100659465e+00
1.862387893635257141e+00
1.983779778997455612e+00
1.986037474851870988e+00
1.869025397214546524e+00
1.639770605832467698e+00
1.312040800150571451e+00
9.055175119551327478e-01
4.446141478994574681e-01
-4.299013664869025947e-02
-5.280126854917498447e-01
-9.813258863507974272e-01
-1.375706404584926101e+00
-1.687470057153840131e+00
-1.897894145872920157e+00
-1.994341832960184302e+00
-1.971021035467338312e+00
-1.829332263842893047e+00
-1.577784515480888050e+00
-1.231484274196107176e+00
-8.112283033232454699e-01
-3.422547139700634622e-01
1.472726880521037229e-01
6.279557553788291946e-01
1.070927479563513085e+00
1.449585574458222670e+00
1.741190053642372115e+00
1.928228860761619590e+00
1.999469541020001628e+00
1.950633796598192138e+00
1.784654416151587597e+00
1.511499148708511209e+00
1.147572099069926965e+00
7.147285933952726156e-01
2.389626763755907934e-01
-2.511539387780335475e-01
-7.261877200129027710e-01
-1.157610921903149181e+00
-1.519514794880844510e+00
-1.790165512921800817e+00
-1.953309379786695610e+00
-1.999148930778180233e+00
-1.924931311061959027e+00
-1.735113595997767932e+00
-1.441095125309564295e+00
-1.060532925536648463e+00
-6.162813324814014893e-01
-1.350194937168048004e-01
3.543508246896456271e-01
8.224409088947133295e-01
1.241140011229446616e+00
1.585303516987930816e+00
1.834262982651015061e+00
1.973067361496588124e+00
1.993380875859759982e+00
1.893983615095524486e+00
1.680844796264057361e+00
1.366764287930935851e+00
9.706039250621492087e-01
5.161547777378184820e-01
3.070839888740065429e-02
-4.565821464633837423e-01
-9.164530434547524251e-01
-1.321287140641156599e+00
-1.646772474283404009e+00
-1.873362302434271820e+00
-1.987448967725157667e+00
-1.982181093532999983e+00
-1.857875037514528316e+00
-1.621995893019008150e+00
-1.288709179323769494e+00
-8.780301435495448947e-01
-4.146217621983411816e-01
7.368637270138389539e-02
5.575693358242382880e-01
1.007967951732216205e+00
1.397833918678471177e+00
1.703754171119904015e+00
1.907356931243969989e+00
1.996415010294313452e+00
1.965580101881711839e+00
1.816703969927343287e+00
1.558727242572104821e+00
1.207142490438313009e+00
7.830638336175009817e-01
3.119589513363165700e-01
-1.778803576290261812e-01
-6.570372146106135958e-01
-1.096736266412567273e+00
-1.470571764413759697e+00
-1.756093339104842777e+00
-1.936154237732407912e+00
-1.999941057797234079e+00
-1.943623136647094851e+00
-1.770582598629644622e+00
-1.491211244521879475e+00
-1.122286480866429237e+00
-6.859637672422973509e-01
-2.084460891835468455e-01
2.815896395952762754e-01
7.547147446031887696e-01
1.182516104324566664e+00
1.539302475809847248e+00
1.803647360188294968e+00
1.959675752641192537e+00
1.998017502170993831e+00
1.916370027965585532e+00
1.719636598909872971e+00
1.419631871987304228e+00
1.034372373209963891e+00
5.869945306344696023e-01
1.043652360616332542e-01
-3.845316230577439098e-01
-8.503357660712860255e-01
-1.265073725543133687e+00
-1.603838769797389485e+00
-1.846286655280394262e+00
-1.977857382620848536e+00
-1.990649584877455469e+00
-1.883895037338967571e+00
-1.664004792599005800e+00
-1.344184170302931136e+00
-9.436397230270646697e-01
-4.864258032723080549e-01
-1.959434878635765210e-14
