1.000000000000000000e+00
9.950980675466130077e-01
9.902139334865499576e-01
9.853316289378950543e-01
9.804249221115293178e-01
9.754575777941014714e-01
9.703836191951685786e-01
9.651475965762343900e-01
9.596848682021429378e-01
9.539219002168414230e-01
9.477765930416779394e-01
9.411586428187509457e-01
9.339699472654146017e-01
9.261050660571863435e-01
9.174517465002931527e-01
9.078915257741071443e-01
8.973004213966738751e-01
8.855497217690904144e-01
8.725068886590731099e-01
8.580365832600809206e-01
8.420018269764539820e-01
8.242653073014639675e-01
8.046908380364873326e-01
7.831449816071494041e-01
7.594988393276493888e-01
7.336300131100041977e-01
7.054247392754761092e-01
6.747801917699147722e-01
6.416069481878843295e-01
6.058316075550503887e-01
5.673995437974167499e-01
5.262777732455462543e-01
4.824579084033689402e-01
4.359591635945111454e-01
3.868313710456063870e-01
3.351579585614579693e-01
2.810588323040559833e-01
2.246931004489967076e-01
1.662615658335092339e-01
1.060089083385466757e-01
4.422547090654960905e-02
-1.875144293544728225e-02
-8.253685708880088845e-02
-1.466980969210169294e-01
-2.107555514300428479e-01
-2.741843250243609087e-01
-3.364168771654970080e-01
-3.968467418393786250e-01
-4.548334091079010433e-01
-5.097084374699210052e-01
-5.607828481025605161e-01
-6.073558299933171645e-01
-6.487247583307396148e-01
-6.841964972259987343e-01
-7.130999219545638423e-01
-7.347995556628950098e-01
-7.487101712933634801e-01
-7.543121619668252675e-01
-7.511674330847090131e-01
-7.389355180796176592e-01
-7.173895684249326221e-01
-6.864318188438044421e-01
-6.461080825278670003e-01
-5.966207907168753488e-01
-5.383400585398937510e-01
-4.718122370736563820e-01
-3.977654027259395209e-01
-3.171112419056074105e-01
-2.309428140129368978e-01
-1.405277213849925044e-01
-4.729628293264248606e-02
4.717559970758494065e-02
1.411890777727789203e-01
2.329505452224605866e-01
3.206052696457958318e-01
4.022761634764180361e-01
4.761071886346436854e-01
5.403106676670085262e-01
5.932175465408466852e-01
6.333294259501258683e-01
6.593709581270301712e-01
6.703410047818394446e-01
6.655607799613273423e-01
6.447170710587998288e-01
6.078985539377884662e-01
5.556232059251916544e-01
4.888548842388914517e-01
4.090072866876784952e-01
3.179337534314256586e-01
2.179017074341569327e-01
1.115509674444226801e-01
1.835696893055536148e-03
-1.080496340766478464e-01
-2.147592127683657093e-01
-3.148979809403841257e-01
-4.051343156940373502e-01
-4.823199984037652155e-01
-5.436134742414705512e-01
-5.866017887230402517e-01
-6.094160994977947388e-01
-6.108353440577047877e-01
-5.903725379417110730e-01
-5.483383195741091676e-01
-4.858767759663152885e-01
-4.049692967380677522e-01
-3.084032178224078713e-01
-1.997033207454915194e-01
-8.302582078503241425e-02
3.698373914480433677e-02
1.553653385572889289e-01
2.670467245965065239e-01
3.670657417046852555e-01
4.508036247075360436e-01
5.142185986132224995e-01
5.540679927101138658e-01
5.681064604824568320e-01
5.552479060874782046e-01
5.156794352002387338e-01
4.509171233332794904e-01
3.637956381166241315e-01
2.583867257045661670e-01
1.398451851258257495e-01
1.418506303623380711e-02
-1.120067932130291294e-01
-2.319082299070513720e-01
-3.388345108718335275e-01
-4.266267697576275886e-01
-4.900338589123877653e-01
-5.250635813487347647e-01
-5.292790150753490241e-01
-5.020169565220786723e-01
-4.445085229471663624e-01
-3.598866536472130062e-01
-2.530715022086992283e-01
-1.305322493491692937e-01
6.771135532670226841e-05
1.303264733611289306e-01
2.516359200656754780e-01
3.557587296566732671e-01
4.354121734675431288e-01
4.848170513588694885e-01
5.001691676896218297e-01
4.799930093927042840e-01
4.253429196063555628e-01
3.398259842698754807e-01
2.294326969159573015e-01
1.021755774345822765e-01
-3.244864174075065555e-02
-1.641420475677392576e-01
-2.825881357793188497e-01
-3.782763791511955520e-01
-4.433031171126576853e-01
-4.720799874389225437e-01
-4.618837529685392851e-01
-4.131901207394403364e-01
-3.297488371532074636e-01
-2.183772203790492195e-01
-8.847302928079417428e-02
4.872668727305328601e-02
1.810886244313225368e-01
2.966532495793154367e-01
3.847394150563008819e-01
4.369811011405881906e-01
4.481929991057838625e-01
4.169709950992716019e-01
3.459531832629313408e-01
2.416957849156591287e-01
1.141541618813693010e-01
-2.420111223571921530e-02
-1.595632739546150036e-01
-2.781579154987587343e-01
-3.676681918486148226e-01
-4.185687327659071144e-01
-4.252201980361152156e-01
-3.865926749378342797e-01
-3.065183856814703844e-01
-1.934202014858895091e-01
-5.951816501335910337e-02
8.042403320882215989e-02
2.106935781646914752e-01
3.163975774308561140e-01
3.852089414712355220e-01
4.088816029155147302e-01
3.843422337144652978e-01
3.142050074184614128e-01
2.066172543639702430e-01
7.442117860483074554e-02
-6.629837149056037882e-02
-1.981280637455102023e-01
-3.044818388334888382e-01
-3.717334182929768471e-01
-3.910478767233258601e-01
-3.596577186821926508e-01
-2.813877871558175259e-01
-1.663228177214847725e-01
-2.962165792466736267e-02
1.104005897790086982e-01
2.346928824313264939e-01
3.260779706948802037e-01
3.716939304813758893e-01
3.649135818722748503e-01
3.064430878785566748e-01
2.044035535311814755e-01
7.333768641681398526e-02
-6.776047791148959165e-02
-1.981433951424720064e-01
-2.983626116242464876e-01
-3.532291223047758222e-01
-3.542245202706844620e-01
-3.009666494282792204e-01
-2.014603560876573884e-01
-7.104159360649454913e-02
6.987337727682510491e-02
1.989238531322604087e-01
2.953559578382210504e-01
3.434272982131580387e-01
3.350982985347372156e-01
2.715334763416472064e-01
1.631119124929933384e-01
2.788403098472666194e-02
-1.113252788778528735e-01
-2.307233026802173459e-01
-3.096413940596939862e-01
-3.342066039600617433e-01
-2.999273916700117004e-01
-2.126894794343812956e-01
-8.792025864347441377e-02
5.199826536739591415e-02
1.816627421827202438e-01
2.772542032127951472e-01
3.209849815244383286e-01
3.045461937247561091e-01
2.308653742974137169e-01
1.137750389305087484e-01
-2.442241410864613022e-02
-1.570993678733963450e-01
-2.584095935051536341e-01
-3.083847341639283646e-01
-2.970064587264223954e-01
-2.264002194036619786e-01
-1.106389373577464641e-01
2.688951171930258413e-02
1.580973304962760839e-01
2.559089287601725160e-01
2.999161484962706847e-01
2.807841214037455901e-01
2.024291177692222610e-01
8.142496759775243176e-02
-5.633002593638693212e-02
-1.810559188167849831e-01
-2.655241783514298293e-01
-2.910950308949066812e-01
-2.520029716775916140e-01
-1.568708881593901816e-01
-2.701792091724077374e-02
1.081606941777686209e-01
2.177792763769350326e-01
2.765557449768213938e-01
2.707788683136819752e-01
2.017119526713656297e-01
8.554522432760539030e-02
-5.020310831244668287e-02
-1.730875227697643293e-01
-2.534797324636053339e-01
-2.718137347498914003e-01
-2.235381237032366408e-01
-1.204797269885078265e-01
1.183303338768382403e-02
1.403413573995098140e-01
2.326709789723561961e-01
2.653633923582540688e-01
2.300143767780409576e-01
1.356716271744224656e-01
6.754947288032662686e-03
-1.230911963399815151e-01
-2.197134393985236134e-01
-2.574953878380308314e-01
-2.263239931893848145e-01
-1.345388068883514587e-01
-6.946385263819236655e-03
1.217017885672724842e-01
2.161057367007762631e-01
2.501684961465903134e-01
2.143936300065307221e-01
1.187844174257405294e-01
-9.702765261002731928e-03
-1.345800052457666318e-01
-2.201346292324834475e-01
-2.417281605029928948e-01
-1.930955910170620016e-01
-8.842726481537101224e-02
4.152335646277213049e-02
1.583163146811427946e-01
2.271737895651418926e-01
2.274594371110764957e-01
1.590967686679350679e-01
4.286418421584078930e-02
-8.568743680165132048e-02
-1.869888383215646266e-01
-2.296643380042392990e-01
-2.004254096333217272e-01
-1.084746720213464466e-01
1.711637954404221507e-02
1.364030800854145464e-01
2.112180574013745038e-01
2.174897991064567437e-01
1.532220417531797441e-01
3.941694374151907126e-02
-8.653999709101942162e-02
-1.830346701889658811e-01
-2.180111761112657476e-01
-1.798130011793778738e-01
-8.135110767073464033e-02
4.397952066011034944e-02
1.534439444142571274e-01
2.095177052111206473e-01
1.928991335317877809e-01
1.094227687475863436e-01
-1.169106408890419925e-02
-1.278422055651029510e-01
-1.979665576663628135e-01
-1.971656542276675195e-01
-1.258008364787148725e-01
-9.643527964239369601e-03
1.091820900975582626e-01
1.873739593842200790e-01
1.963170476112358065e-01
1.327970877578045494e-01
2.046618891092425938e-02
-9.869831789062843974e-02
-1.799596798126694708e-01
-1.926875856019325262e-01
-1.321412600453799047e-01
-2.155013780510483049e-02
9.652438065651801347e-02
1.764421338356550462e-01
1.871966077202681655e-01
1.246873382657955609e-01
1.360335089809952720e-02
-1.020539054911672322e-01
-1.762815307633867901e-01
-1.794586110903750031e-01
-1.104238013679505886e-01
2.777555206854603019e-03
1.140216803110961630e-01
1.778046287672364889e-01
1.679710447762424730e-01
8.871964168197228606e-02
-2.685760518911468539e-02
-1.303496098686995064e-01
-1.782495669224307133e-01
-1.504040069475297559e-01
-5.879914862652957375e-02
5.727218305404113002e-02
1.478594485467079334e-01
1.738547325177343672e-01
1.240899525835527928e-01
2.046600919725476142e-02
-9.137926132835287596e-02
-1.620253102753504704e-01
-1.601865121078665521e-01
-8.683907311843432064e-02
2.494023616179477307e-02
1.246281839961082133e-01
1.670298663027992292e-01
1.329370876148350533e-01
3.815264565074093228e-02
-7.350291328585269179e-02
-1.502640004284155617e-01
-1.564652204861683993e-01
-8.937036127985485690e-02
1.927392563917008916e-02
1.179795222037821750e-01
1.598422752840058803e-01
1.249961866050218334e-01
3.036964830089890557e-02
-7.820155134522373264e-02
-1.479957710269564075e-01
-1.450703280256527838e-01
-7.104648471555076450e-02
3.741945758589586279e-02
1.265260447312480940e-01
1.519775695546085048e-01
1.012132495376855956e-01
-4.361701600154837936e-05
-1.005017371391808828e-01
-1.491596993283347827e-01
-1.213333899493668905e-01
-3.150319672067936061e-02
7.386917072265281048e-02
1.401757604585151251e-01
1.330240516102442205e-01
5.636403833820153447e-02
-4.932190348888579323e-02
-1.281452838681382822e-01
-1.383625455710146834e-01
-7.472864037984683350e-02
2.844709824233818130e-02
1.155069914538692372e-01
1.394103912821474667e-01
8.735799673063630866e-02
-1.199432978247856087e-02
-1.039902139822925786e-01
-1.379380788515879031e-01
-9.521579345801554906e-02
1.617130196566092548e-04
9.470173471584455993e-02
1.353004830205319919e-01
9.921782682655870544e-02
7.159201692839669770e-03
-8.825402897375027311e-02
-1.324074014831511381e-01
-1.000834811163064386e-01
-1.020423036186783421e-02
8.488709678082832777e-02
1.297428645247633849e-01
9.826459821410762907e-02
9.227216560711374790e-03
-8.455806554794417784e-02
-1.274014706289601784e-01
-9.392941454909524424e-02
-4.455365672518646868e-03
8.698858397237348161e-02
1.251249675948497564e-01
8.698688482049306281e-02
-3.898460329667246052e-03
-9.167081168573051886e-02
-1.223355857854530604e-01
-7.714569757980528630e-02
1.557390301827520952e-02
9.784079046174302963e-02
1.181738526686723356e-01
6.400997494032908963e-02
-3.015940236591360332e-02
-1.044354402534142523e-01
-1.115577750409829094e-01
-4.721795648195911688e-02
4.695782781345450574e-02
1.100578619744456282e-01
1.012867457849437325e-01
2.662876052914250197e-02
-6.484131671733710245e-02
-1.129850910901240985e-01
-8.621536246080925558e-02
-2.553226453136391710e-03
8.212960825930806785e-02
1.112607862215563570e-01
6.551596483073697519e-02
-2.399420534815936701e-02
-9.654461659300446474e-02
-1.029175761129447475e-01
-3.902937985126412462e-02
5.107493382081289279e-02
1.053110326189593687e-01
8.636202333837544876e-02
7.666923114434211206e-03
-7.572497390734696243e-02
-1.054779199703344134e-01
-6.091990313122724182e-02
2.622708602884121429e-02
9.409193387000461262e-02
9.451423807446612813e-02
2.747351891588094286e-02
-5.870541649451078980e-02
-1.019346538616428544e-01
-7.116517802880140131e-02
1.097177168679571227e-02
8.444163907493922039e-02
9.556218752423754903e-02
3.643650855994325782e-02
-4.905672750165772367e-02
-9.754244802575520734e-02
-7.316078143250655252e-02
5.587302792128573392e-03
7.949964805605530538e-02
9.303477681152912127e-02
3.624260281481542917e-02
-4.753869050218952758e-02
-9.446449455604138956e-02
-6.886625763516109056e-02
9.311030974589068823e-03
7.967256169640113406e-02
8.789775665047626363e-02
2.788699504491079159e-02
-5.333416085958203601e-02
-9.219626937813697742e-02
-5.840452292404164913e-02
2.109969670443179526e-02
8.325949120845403673e-02
7.882961861267562265e-02
1.164453711276282680e-02
-6.428857834915738256e-02
-8.798710994339480063e-02
-4.060161430769188701e-02
3.921939712193570765e-02
8.653558160970376001e-02
6.294961714877242431e-02
-1.191778793543754947e-02
-7.637264860854071913e-02
-7.736155455263170333e-02
-1.436741387183661407e-02
6.002094461355184790e-02
8.377908615838651485e-02
3.728400978963404555e-02
-4.010842257293468355e-02
-8.306285608306340773e-02
-5.543278621943147078e-02
1.899747368736539113e-02
7.661965577374246772e-02
6.826869810371183345e-02
1.429315603755526489e-03
-6.607352518680217890e-02
-7.591661474081783101e-02
-1.984874069103591265e-02
5.301533567938614827e-02
7.895946928084800198e-02
3.547783432097132567e-02
-3.883955502825867101e-02
-7.823920139804602103e-02
-4.799400504623685393e-02
2.465988494875420017e-02
7.469348000586993608e-02
5.742722387229923231e-02
-1.128670590511184069e-02
-6.923699036648250926e-02
-6.404850988114393906e-02
-7.531646001007900925e-04
6.268621822168202184e-02
6.827005182671984362e-02
1.117226598091633320e-02
-5.572099309135387230e-02
-7.056466773546131444e-02
-1.986802936906870848e-02
4.887371145147736268e-02
7.140665243990169941e-02
2.686799573574195563e-02
-4.253708930202632771e-02
-7.123243957015711059e-02
-3.228076401569150017e-02
3.698251873638742915e-02
7.041759373963007995e-02
3.625562173512565656e-02
-3.238287197160165387e-02
-6.926599754816471777e-02
-3.895163906700702117e-02
2.883540754340676096e-02
6.800726032455861603e-02
4.051568207427837243e-02
-2.638200667982589648e-02
-6.679898551205003254e-02
-4.106815340525150904e-02
2.502518929115896476e-02
6.573133033316058693e-02
4.069510751434733675e-02
-2.473922441012735285e-02
-6.483211307028746706e-02
-3.944553762871932240e-02
2.547621789629506486e-02
6.407148711592339230e-02
3.733295035305374959e-02
-2.716741824029395361e-02
-6.336587823142696141e-02
-3.434072102830011686e-02
2.972022390491670107e-02
6.258147394954866050e-02
3.043107411302309329e-02
-3.301159157459163801e-02
-6.153807320076899040e-02
-2.555778824237210645e-02
3.687880903383445458e-02
6.001455389914461813e-02
1.968282093253261381e-02
-4.110896397210097447e-02
-5.775757853885771925e-02
-1.279691853038779879e-02
4.542893711320192957e-02
5.449538232579547586e-02
4.943858797456824293e-03
-4.949836080105127906e-02
-4.995848529762465101e-02
3.752787647866330945e-03
5.290864323337826636e-02
4.390881100936205872e-02
-1.306261848576047505e-02
-5.519172263826523789e-02
-3.617782520114449368e-02
2.262477990540141815e-02
5.584245900359574577e-02
2.671277748599548002e-02
-3.193310074611978300e-02
-5.435818362726480002e-02
-1.562784271913890063e-02
4.033684377576476909e-02
5.029754116473142411e-02
3.253955517501107720e-03
-4.706487857742808895e-02
-4.335801656969923840e-02
9.822317498613571118e-03
5.128077402441409693e-02
3.346721105699879129e-02
-2.274381434361200452e-02
-5.217397342754847428e-02
-2.087709283594624612e-02
3.440680021342179540e-02
4.908711204299265329e-02
6.243695418009075765e-03
-4.353864103683374037e-02
-4.167124545922916423e-02
9.331613160276341565e-03
4.883925724379555716e-02
3.004957338618525695e-02
-2.432697294949490510e-02
-4.918644716954351237e-02
-1.495762022238447675e-02
3.691710529969223498e-02
4.388909901932876861e-02
-2.183262035275841759e-03
-4.519880269764012248e-02
-3.295137564774924810e-02
1.930725745704434809e-02
4.752054694844554811e-02
1.728884239002083725e-02
-3.390202838349224562e-02
-4.288105511437396988e-02
1.179151225597878513e-03
4.338190561305204501e-02
3.132421144465767637e-02
-1.963863534450704246e-02
-4.561316438887253605e-02
-1.422319317809377613e-02
3.474747628892829732e-02
3.951112527634034755e-02
-5.671267147782631420e-03
-4.326218511530480898e-02
-2.556830334457509471e-02
2.452805156730297059e-02
4.284647143608874553e-02
6.129755018344102899e-03
-3.812546722074000582e-02
-3.288697150963860311e-02
1.476707002073585420e-02
4.286936410994792584e-02
1.506125640155821753e-02
-3.210075810998935103e-02
-3.693202580531739637e-02
6.619920540261763769e-03
4.108753319649629393e-02
2.117168683420352776e-02
-2.649915014764773688e-02
-3.867555012250800672e-02
5.668538186658679274e-04
3.869742208732367822e-02
2.486791269892797002e-02
-2.209125868219899078e-02
-3.900029490364707863e-02
-3.321660914929709836e-03
3.650853755604489825e-02
2.663070481264773887e-02
-1.924525213170317356e-02
-3.855251824665582167e-02
-5.162994254820915847e-03
3.497277676701470578e-02
2.684695065974268893e-02
-1.806650535742433325e-02
-3.769716059967129912e-02
-5.117258622492936934e-03
3.424497045768220421e-02
2.573406684307799619e-02
-1.849482649581264682e-02
-3.652438107135463907e-02
-3.319763287268361323e-03
3.423311837483924980e-02
2.332900349085849714e-02
-2.034561704385480854e-02
-3.487738109048690860e-02
1.192018172007911940e-04
3.462398436085337150e-02
1.952478600514734666e-02
-2.329847846531560296e-02
-3.239355730016808821e-02
5.057890778501260634e-03
3.489050579995680440e-02
1.415064635884561058e-02
-2.684784921876014543e-02
-2.856959087758675561e-02
1.122041940420423316e-02
3.430433879176074397e-02
7.100005978473904709e-03
-3.024212733016743218e-02
-2.287338500692586568e-02
1.806527945661535670e-02
3.199117101480629388e-02
-1.492314863037198574e-03
-3.245405338843412868e-02
-1.492734005471370654e-02
2.466119690345574753e-02
2.707484500770807739e-02
-1.104219813885150975e-02
-3.224348466994800266e-02
-4.770426590510247825e-03
2.963653117371995577e-02
1.894861549764569053e-02
-2.033641216970607374e-02
-2.838238342080334764e-02
6.838270856343700403e-03
3.129902093887325376e-02
7.671887182809960376e-03
-2.749399572178439638e-02
-2.008830453949775330e-02
1.818666933336682626e-02
2.802736735851777197e-02
-5.595575034843079144e-03
-3.022442725999435059e-02
-7.628928825106975897e-03
2.664482441508796845e-02
1.897320402486035382e-02
-1.833627388007750755e-02
-2.651611546412536644e-02
7.097239510566385155e-03
2.920338724720208251e-02
4.942372610918192334e-03
-2.692119679965104817e-02
-1.573431212035620100e-02
2.039189808091003767e-02
2.364527395768009632e-02
-1.094310550198840382e-02
-2.766655188157444989e-02
2.136434695127999096e-04
2.748738446385406292e-02
1.014232803740778600e-02
-2.344562094511905975e-02
-1.870436265274344131e-02
1.638712658135489664e-02
2.445749794717543002e-02
-7.473563243796494185e-03
-2.687538317548772079e-02
-2.022195614751312858e-03
2.591983739127079814e-02
1.090046223724919910e-02
-2.197358643013127416e-02
-1.817666749136162205e-02
1.572914154580558332e-02
2.316978919405425497e-02
-8.057958006365545725e-03
-2.553638440485753169e-02
-1.187089816229509225e-04
2.525710046084600133e-02
7.940996568969715605e-03
-2.258737610054650097e-02
-1.469359449561073033e-02
1.798601956957467107e-02
1.985679846913644686e-02
-1.203495351125530473e-02
-2.312640314092501495e-02
5.361350754071105874e-03
2.440698443750246791e-02
1.429604271956683853e-03
-2.378520482635462091e-02
-7.806346702743145391e-03
2.149048346139327201e-02
1.334498652287360691e-02
-1.784999875212900725e-02
-1.774627170973848422e-02
1.324388678013120081e-02
2.083768369599639514e-02
-8.065009879320567468e-03
-2.256390701747590030e-02
2.686086944480961611e-03
2.296929397499004530e-02
2.564484063368225718e-03
-2.217582522871264922e-02
-7.417985614131534892e-03
2.035960704520633699e-02
1.167268219714745307e-02
-1.772829653171179021e-02
-1.519438604525967865e-02
1.450113457539079290e-02
1.791188135863614958e-02
-1.089258724551875682e-02
-1.980884088890976294e-02
7.100011814039096369e-03
2.091374062171716397e-02
-3.295305272284979829e-03
-2.128904574577084735e-02
-3.798305119438038103e-04
2.102065866854034917e-02
3.815570727836034397e-03
-2.020833010650104761e-02
-6.933251445829430315e-03
1.895746706830618231e-02
9.682918301297169933e-03
-1.737254491408366658e-02
-1.203975284465800405e-02
1.555215287559791326e-02
1.399990329482418694e-02
-1.358557432966278275e-02
-1.557614311780743978e-02
1.155072058978064142e-02
1.679367456041989254e-02
-9.513192963751035749e-03
-1.768629492404111617e-02
7.526234026108263690e-03
1.829305703941045205e-02
-5.631337165987234522e-03
-1.865548503986121098e-02
3.859305963849315405e-03
1.881535271962025968e-02
-2.231585513642305677e-03
-1.881299349240177221e-02
7.617215090184822381e-04
1.868608625596101733e-02
5.431638231420830767e-04
-1.846884788459315224e-02
-1.680959402312277775e-03
1.819155809261298676e-02
2.653270770283443908e-03
-1.788034367937626004e-02
-3.464276047153849476e-03
1.755715463198986165e-02
4.119748367737597651e-03
-1.723987255387784620e-02
-4.626248599816043527e-03
1.694250112189335869e-02
4.990483878829051617e-03
-1.667539782910688884e-02
-5.218822501417340505e-03
1.644551553595495832e-02
5.316953321679416741e-03
-1.625663097692265843e-02
-5.289677333933678026e-03
1.610954519890198111e-02
5.140820005280937084e-03
-1.600224792862362660e-02
-4.873254605799032940e-03
1.593004415990415326e-02
4.489028804550113105e-03
-1.588564694532879767e-02
-3.989588741283149956e-03
1.585924561053248666e-02
3.376096277467469445e-03
-1.583856349977036046e-02
-2.649835839210013238e-03
1.580892397526187376e-02
1.812706878743798947e-03
-1.575334771937319384e-02
-8.677962147925318481e-04
1.565270831718127212e-02
-1.799788877438922221e-04
-1.548597639579977689e-02
1.323171274939282218e-03
1.523058489792617452e-02
-2.551069669976156144e-03
-1.486294885724259891e-02
3.848960376127138778e-03
1.435917166726505788e-02
-5.197426581951126827e-03
-1.369596551495722014e-02
6.571739232786378768e-03
1.285180552776662814e-02
-7.941406357478315858e-03
-1.180832439164810309e-02
9.269960173061338529e-03
1.055193597258047983e-02
-1.051507167791643216e-02
-9.075652299099082332e-03
1.162908876904721056e-02
7.381028062134010158e-03
-1.256009372733524025e-02
-5.480131150941101696e-03
1.325356641372479535e-02
3.397398174028549642e-03
-1.365471777505582185e-02
-1.171193073945225654e-03
1.371152151306989295e-02
-1.145151145105497564e-03
-1.337841789499477976e-02
3.483057416532449931e-03
1.262059176922007697e-02
-5.759460928093982843e-03
-1.141863790542448943e-02
7.878853025250986963e-03
9.773324496581291612e-03
-9.736829155295591287e-03
-7.710057134211464186e-03
1.122527813141708207e-02
5.282541835113994423e-03
-1.223922557687307823e-02
-2.575061912365448399e-03
1.268517264535359325e-02
-2.972614958598221685e-04
-1.249055574701086156e-02
3.190840265549705831e-03
1.161370570291908426e-02
-5.939139653708490514e-03
-1.005342681636422694e-02
8.361669339678299770e-03
7.857079633469954763e-03
-1.027645822939000919e-02
-5.125877495908272817e-03
1.151560881496897434e-02
2.016045570887402619e-03
-1.194302016570083017e-02
1.265406708731787186e-03
1.147281478236496927e-02
-4.471237317239850143e-03
-1.008647067461927900e-02
7.331234848182680182e-03
7.846236708448080938e-03
-9.575791468854273278e-03
-4.902204120627754597e-03
1.096439588522979229e-02
1.490531964459394093e-03
-1.131656105587885118e-02
2.079124117431218298e-03
1.054164389350528176e-02
-5.447895275734080008e-03
-8.663189121509160331e-03
8.243102777807828976e-03
5.833061505309744196e-03
-1.012231277075254822e-02
-2.330941832147033575e-03
1.082154261976777700e-02
-1.454075177954636039e-03
-1.020125510470904634e-02
5.060961067237426669e-03
8.282487112371325622e-03
-8.011584992426957000e-03
-5.265180216722108522e-03
9.877734385675462914e-03
1.521893084894527680e-03
-1.035171375763238241e-02
2.437199781347445648e-03
9.309143010204927807e-03
-6.027834184499821814e-03
-6.851278805465122260e-03
8.678089558704939893e-03
3.315083003153379386e-03
-9.926352422312914939e-03
7.571656889893208561e-04
9.514506203813232615e-03
-4.690667375750742080e-03
-7.457302064639446428e-03
7.786943923497161718e-03
4.069578806434494614e-03
-9.453326596263980641e-03
6.199801673354247424e-05
9.329842067197316804e-03
-4.166690420678958486e-03
-7.385844288163499055e-03
7.428382252518145150e-03
3.959821714728307442e-03
-9.153088180551691849e-03
2.763831708754794017e-04
8.931771698137217982e-03
-4.433366847781507539e-03
-6.759343229475757962e-03
7.585571017144882022e-03
3.073874534814710624e-03
-8.984499122822828254e-03
1.306548018129565381e-03
8.255167089054438190e-03
-5.349407239594840963e-03
-5.522426135629075229e-03
8.048346480190541469e-03
1.422893869443002564e-03
-8.685605726556962919e-03
3.018025803904896779e-03
7.047290456941342728e-03
-6.629741869954989750e-03
-3.523726602326137346e-03
8.408585423876501277e-03
-9.507675239315320969e-04
-7.816692996533073159e-03
5.123597294432027070e-03
4.975939290104124287e-03
-7.769472106016184036e-03
-6.826511792038397492e-04
8.064491088906796876e-03
-3.785898063470125204e-03
-5.873038739712240809e-03
7.038450331883366190e-03
1.842044788289085196e-03
-8.011423498440592775e-03
2.754068253151871568e-03
6.345148064991756875e-03
-6.396476614675843976e-03
-2.555772827630969826e-03
7.827273984121252415e-03
-2.083746242383992253e-03
-6.510575480077493600e-03
5.946053096608315720e-03
2.874511053771925014e-03
-7.619826816427535503e-03
1.783141375450213260e-03
6.451326051930756852e-03
-5.729064367548715279e-03
-2.843132330792488404e-03
7.437038388144449723e-03
-1.836574279024640955e-03
-6.204738260364201993e-03
5.741478902046213278e-03
2.488566278677802838e-03
-7.273286603929593301e-03
2.215104192190659078e-03
5.764945172316794132e-03
-5.940789758974162303e-03
-1.820506950715931058e-03
7.075584791736463930e-03
-2.875134216189359493e-03
-5.091132771270629777e-03
6.246291246316401473e-03
8.428248633067039492e-04
-6.750022832574260022e-03
3.747286922127423744e-03
4.122796529156288851e-03
-6.535443821258166662e-03
4.254650633202962514e-04
6.172185761000110321e-03
-4.719323050927031783e-03
-2.804268077545432267e-03
6.642517109234355628e-03
-1.921327154427361975e-03
-5.207670826847281796e-03
5.619590453025855373e-03
