0.000000000000000000e+00
1.430065526299399092e+00
2.607644515626070358e+00
3.334833755180375725e+00
3.510291447879379412e+00
3.148968762882108585e+00
2.375181207935277872e+00
1.390862851986422566e+00
4.266547832930891460e-01
-3.125312581681700674e-01
-6.946020270980597378e-01
-6.889667097385830941e-01
-3.701831215453957324e-01
1.040808531219845068e-01
5.352919502319472000e-01
7.362102254196885021e-01
5.803091858099265199e-01
3.645674019500222407e-02
-8.196337615529767362e-01
-1.820137144541906338e+00
-2.742739586258696960e+00
-3.362374602760405118e+00
-3.504882577691580181e+00
-3.089873035568601267e+00
-2.152548663281733887e+00
-8.391589754195424300e-01
6.230678513819332132e-01
1.974672946566065068e+00
2.980161518380888275e+00
3.478660212247011163e+00
3.417355072913048186e+00
2.860076180101906562e+00
1.969232658909867428e+00
9.655503126702451588e-01
7.524854284080229050e-02
-5.228091114459867406e-01
-7.375267162384158137e-01
-5.841027966187785081e-01
-1.764704670605487524e-01
3.043223811450694316e-01
6.580312916920709743e-01
7.177888206236338053e-01
3.945821372146147699e-01
-2.971891750464712434e-01
-1.239392381868768656e+00
-2.235377686669902886e+00
-3.054929030313894955e+00
-3.488408587271491612e+00
-3.397303459698512995e+00
-2.749158005374640723e+00
-1.628496815387768137e+00
-2.209590607535443785e-01
1.225850065521605137e+00
2.455814659030362446e+00
3.259730214791079383e+00
3.519890038891940520e+00
3.233581442099492165e+00
2.510193779024772365e+00
1.542834819825684711e+00
5.613215022837485524e-01
-2.222529229311132060e-01
-6.624926383562670384e-01
-7.126988606458515285e-01
-4.324681495585935287e-01
3.070115891135812708e-02
4.811845145980558902e-01
7.266845899273399745e-01
6.288779087974105675e-01
1.409620581275603524e-01
-6.770699359725786959e-01
-1.669294393179884484e+00
-2.618490198048903927e+00
-3.296481601005138984e+00
-3.518342279067264933e+00
-3.187622495517706156e+00
-2.321809773929098153e+00
-1.051840310219878338e+00
4.044424181684463937e-01
1.788868492032261948e+00
2.858838399560490906e+00
3.439621743942411491e+00
3.460989851918110816e+00
2.969797516198388720e+00
2.115779227458540301e+00
1.114107866271976111e+00
1.936957114299777682e-01
-4.564824757336678474e-01
-7.303729809460193234e-01
-6.270668265945648079e-01
-2.471776092925620505e-01
2.355390326206356910e-01
6.203344938407914233e-01
7.321630064422159911e-01
4.681437350533479425e-01
-1.735071797811398309e-01
-1.089195855251481770e+00
-2.091565779485017984e+00
-2.952068382336956454e+00
-3.454522125558820989e+00
-3.447018588800346617e+00
-2.879848686788975876e+00
-1.820356196331680554e+00
-4.410184203635232891e-01
1.016666886260788605e+00
2.294225674256759717e+00
3.172174743757815385e+00
3.516981191172004806e+00
3.308201699825184416e+00
2.639647842671334566e+00
1.694522181018897067e+00
7.005683812477176975e-01
-1.240624966464114465e-01
-6.214061083592132828e-01
-7.288296700506017300e-01
-4.905459019847279167e-01
-4.297027127865694907e-02
4.223627211792216340e-01
7.092611833070929794e-01
6.684668339490229538e-01
2.378579328321905884e-01
-5.385417590985257519e-01
-1.517504553507700527e+00
-2.488057178035147921e+00
-3.220158506358378858e+00
-3.519153541530008145e+00
-3.273117854626514500e+00
-2.481813011991285567e+00
-1.260253332875910237e+00
1.841707638293150207e-01
1.595860425743333977e+00
2.726310976866090918e+00
3.387775076404493824e+00
3.492897594130984551e+00
3.071231733258185326e+00
2.258977923609627236e+00
1.264569654464912540e+00
3.183803702534386826e-01
-3.814901249410023176e-01
-7.145399926135851398e-01
-6.636691921192305887e-01
-3.155200071734056144e-01
1.645037738941818872e-01
5.763592452349816098e-01
7.378890960330291016e-01
5.330089389970200653e-01
-5.614985196251476296e-02
-9.410279330712362222e-01
-1.944538776674430203e+00
-2.841030305837320746e+00
-3.408968486869598635e+00
-3.483919927569401942e+00
-2.999263309707929537e+00
-2.004888533231572900e+00
-6.592828553635389222e-01
8.033571224000131128e-01
2.123482934284848689e+00
3.072409732024699913e+00
3.501400678941225753e+00
3.372308151353653027e+00
2.762795063011171948e+00
1.845129387873753357e+00
8.437392427438556997e-01
-1.832740963200185647e-02
-5.713439395108614871e-01
-7.370074035416331881e-01
-5.438101842428689769e-01
-1.162333393345333504e-01
3.594372527298051456e-01
6.842996279765940493e-01
6.990838291168366414e-01
3.267854964644847371e-01
-4.046997699369669910e-01
-1.365561895151493399e+00
-2.352192354799552909e+00
-3.133934247934461403e+00
-3.507490502053586034e+00
-3.346126742868377413e+00
-2.631960830957774888e+00
-1.463560736842944188e+00
-3.685083165449318937e-02
1.396409579647150956e+00
2.583041520148691372e+00
3.323189689856767437e+00
3.512751034501681247e+00
3.163741323421851881e+00
2.398036945328366976e+00
1.416177770079002585e+00
4.487543585430266990e-01
-2.980483588389983840e-01
-6.898722503477181522e-01
-6.934336020721245664e-01
-3.808296165027040825e-01
9.190085127280353539e-02
5.266265166626548089e-01
7.351849022343830420e-01
5.890262121187723743e-01
5.438596226658898303e-02
-7.956214764924920413e-01
-1.795096370367234462e+00
-2.722492027314729057e+00
-3.352137817310077317e+00
-3.508009821099999037e+00
-3.107003928195744447e+00
-2.181375001722481777e+00
-8.748660738821989469e-01
5.867824215288095502e-01
1.944237028771120368e+00
2.960737054550431679e+00
3.473044355919416848e+00
3.425426384181199602e+00
2.878910450513429531e+00
1.993855730833255624e+00
9.901461098580318643e-01
9.453461263104689927e-02
-5.123639753858191259e-01
-7.369289351489860529e-01
-5.916838567556235162e-01
-1.883904021124532535e-01
2.930435319337380551e-01
6.522054827260355125e-01
7.207927311771764600e-01
4.074382128983700113e-01
-2.761587291056344373e-01
-1.214250536650296031e+00
-2.211666081524831462e+00
-3.038381217831037873e+00
-3.483586021482635076e+00
-3.406477410672404726e+00
-2.771704280526639863e+00
-1.660950578608626493e+00
-2.577223558951997062e-01
1.191308750403939687e+00
2.429545110772638683e+00
3.245996551776547889e+00
3.520278974655496107e+00
3.246726711524512421e+00
2.532175933745138607e+00
1.568157201675567824e+00
5.842285514742664443e-01
-2.064280154617388341e-01
-6.562689514970887483e-01
-7.159252852437140158e-01
-4.424566520371057687e-01
1.842393881696030578e-02
4.716921087511966038e-01
7.243200186076599323e-01
6.361001435764090939e-01
1.576501322008150296e-01
-6.536836649881037076e-01
-1.644040310577175035e+00
-2.597160734833861895e+00
-3.284471672684066590e+00
-3.519351886511286942e+00
-3.202729721197502766e+00
-2.349136607508342856e+00
-1.086895122171405159e+00
3.678206691597254441e-01
1.757180606993225647e+00
2.837516757866731965e+00
3.431868977096920403e+00
3.467131705462548119e+00
2.987296374944601762e+00
2.139899662935626612e+00
1.139072820310608414e+00
2.140576052660778661e-01
-4.445803772140757282e-01
-7.283417445372142307e-01
-6.336223596099546107e-01
-2.587504665764780443e-01
2.238378723742112109e-01
6.134276740004946937e-01
7.337126869988352951e-01
4.795633027085173250e-01
-1.534944329062082335e-01
-1.064340243454639179e+00
-2.067263008886317088e+00
-2.934112021701400508e+00
-3.447730189964996583e+00
-3.454059356399793224e+00
-2.900545625620275736e+00
-1.851640289852829468e+00
-4.775445434268809075e-01
9.813787887528551135e-01
2.266387201774488158e+00
3.156387704124134608e+00
3.515267977292351631e+00
3.319629642689498894e+00
2.660630244627249397e+00
1.719719976200381861e+00
7.241758976585295216e-01
-1.069532479809185421e-01
-6.136848577286562190e-01
-7.307537219235734627e-01
-4.997735164297939514e-01
-5.522803472431010718e-02
4.121432461081682153e-01
7.056140094917306982e-01
6.741916832117840208e-01
2.532414828973243992e-01
-5.158922683761348882e-01
-1.492170065092288445e+00
-2.465769651907240068e+00
-3.206460440409840906e+00
-3.518070403530512369e+00
-3.286158511526521053e+00
-2.507537493867473266e+00
-1.294514720368907579e+00
1.473616268008698382e-01
1.563044998005538755e+00
2.703165439587209562e+00
3.377892701330218905e+00
3.497051633006795335e+00
3.087286444474565350e+00
2.282463143825840923e+00
1.289778808014958145e+00
3.397296946506171977e-01
-3.681632838555792819e-01
-7.110456315815683048e-01
-6.691170558258928702e-01
-3.266333479529793249e-01
1.524935132755921852e-01
5.684556854092147615e-01
7.380171846694980609e-01
5.429628642851689335e-01
-3.724075278614313866e-02
-9.165823186930022182e-01
-1.919777795267282317e+00
-2.821776025154564493e+00
-3.400268534191099867e+00
-3.488823631423510818e+00
-3.018040694483747011e+00
-2.034880533851216811e+00
-6.954233510708096588e-01
7.674645401163677771e-01
2.094180911523013666e+00
3.054615528980471062e+00
3.497563759403401029e+00
3.381936359678355153e+00
2.782655149461260358e+00
1.870069386876722195e+00
8.679346764611666210e-01
3.819167204710538499e-14
-5.621308498382224794e-01
-7.375751287493654829e-01
-5.521786057190974928e-01
-1.283550882010427163e-01
3.485949965212771784e-01
6.794343210451979642e-01
7.033180595365464693e-01
3.408097568233277030e-01
-3.828920929025281250e-01
-1.340278506753170840e+00
-2.329073984745174908e+00
-3.118640509878081168e+00
-3.504349387313081987e+00
-3.357067975386499370e+00
-2.655988020686959050e+00
-1.496891504502989134e+00
-7.369749298120423231e-02
1.362596625838183861e+00
2.558154329211395961e+00
3.311195271667878526e+00
3.514868116036001577e+00
3.178249229738593140e+00
2.420755979742733821e+00
1.441503031700177573e+00
4.709956915639919028e-01
-2.833381567313146832e-01
-6.848941385511122526e-01
-6.976983745550726645e-01
-3.913737677724722364e-01
7.969656009373923822e-02
5.178165212283382113e-01
7.339327806773483509e-01
5.974946853353240162e-01
7.211308396012294786e-02
-7.717056089228615523e-01
-1.770010777629069665e+00
-2.702055714907675377e+00
-3.341599936469979770e+00
-3.510782821554928823e+00
-3.123800943599349900e+00
-2.209958885716033716e+00
-9.104744055907282307e-01
5.504306579438263958e-01
1.913584065080518926e+00
2.940991696161577629e+00
3.467072276422048294e+00
3.433180552547177911e+00
2.897529943268750241e+00
2.018404283451091796e+00
1.014811957659165653e+00
1.140058127726357728e-01
-5.016741678630476375e-01
-7.360946828299876898e-01
-5.990999701638600738e-01
-2.002603962024622208e-01
2.816865351928661831e-01
6.461939250993520290e-01
7.235523819488240971e-01
4.200572864691505259e-01
-2.552916204957058621e-01
-1.189147651496577307e+00
-2.187846764974332725e+00
-3.021591206841211630e+00
-3.478431348876356743e+00
-3.415296536299483598e+00
-2.793947598813752098e+00
-1.693218152252035757e+00
-2.944564910337452157e-01
1.156633238681053610e+00
2.403007080178632293e+00
3.231917872049387963e+00
3.520319473379374564e+00
3.259591812490809648e+00
2.554000135907785740e+00
1.593468029391830854e+00
6.072599330057721900e-01
-1.903848129023302249e-01
-6.497956717216522016e-01
-7.189387366248820577e-01
-4.523253689978345982e-01
6.141853544430778307e-03
4.620714608985280747e-01
7.217375304082013221e-01
6.430727407213214786e-01
1.741249577297965256e-01
-6.304126464377177719e-01
-1.618763626562246039e+00
-2.575662894602946729e+00
-3.272174277218705907e+00
-3.520010705304700060e+00
-3.217495228674724039e+00
-2.376203317019378147e+00
-1.121827400041464751e+00
3.311573119818943534e-01
1.725295998827780952e+00
2.815885798092657044e+00
3.423760491088153390e+00
3.472946064375789899e+00
3.004561936763269436e+00
2.163923401545231329e+00
1.164087244834608903e+00
2.345904049018336934e-01
-4.324383347865179417e-01
-7.260684725811870077e-01
-6.399988100126934309e-01
-2.702544796474998234e-01
2.120772748302865718e-01
6.063487091052238709e-01
7.350229297537973494e-01
4.907403691562639558e-01
-1.336598592487265869e-01
-1.039544470249389452e+00
-2.042874610476023367e+00
-2.915931508687646279e+00
-3.440615750203976475e+00
-3.460743939010286763e+00
-2.920927264831968628e+00
-1.882717370599334528e+00
-5.140166619379106239e-01
9.459799719969335108e-01
2.238297284684848343e+00
3.140262660761179880e+00
3.513202038292136287e+00
3.330763139417549645e+00
2.681433997870877661e+00
1.744884076842321718e+00
7.478893574901384067e-01
-8.963615119829015931e-02
-6.057143158852984488e-01
-7.324552460328459524e-01
-5.088646258910680675e-01
-6.747120994983132891e-02
4.018126226612327989e-01
7.017591309408142131e-01
6.796673743062116024e-01
2.684020512754179411e-01
-4.933759489411844168e-01
-1.466835009108875987e+00
-2.443334736076471003e+00
-3.192489813926565390e+00
-3.516641591204267225e+00
-3.298851272549740976e+00
-2.532985466400280661e+00
-1.328630415489604699e+00
1.105358142291168189e-01
1.530054145189970516e+00
2.679723678908791484e+00
3.367656822499950131e+00
3.500869338142398313e+00
3.103090311066698082e+00
2.305829707635830061e+00
1.315016282883897158e+00
3.612344965245219974e-01
-3.546027638570099505e-01
-7.073051642058654220e-01
-6.743727866963584727e-01
-3.376593555193718732e-01
1.404428831480266648e-01
5.603946268455892721e-01
7.379121322749602196e-01
5.526703369033130198e-01
-1.852342202244039449e-02
-8.922167973320684897e-01
-1.894953427416039782e+00
-2.802316558625515874e+00
-3.391257162719050644e+00
-3.493371500664271601e+00
-3.036491982776190479e+00
-2.064645724268351579e+00
-7.314852664014629413e-01
7.314852664014054318e-01
2.064645724268304061e+00
3.036491982776118981e+00
3.493371500664264939e+00
3.391257162719065299e+00
2.802316558625547405e+00
1.894953427416194325e+00
8.922167973321073475e-01
1.852342202247014846e-02
-5.526703369032976987e-01
-7.379121322749611078e-01
-5.603946268456021507e-01
-1.404428831480459272e-01
3.376593555193543317e-01
6.743727866963503681e-01
7.073051642058805211e-01
3.546027638570001805e-01
-3.612344965244873585e-01
-1.315016282883739951e+00
-2.305829707635792758e+00
-3.103090311066672768e+00
-3.500869338142384102e+00
-3.367656822499990987e+00
-2.679723678908774165e+00
-1.530054145190023140e+00
-1.105358142291755774e-01
1.328630415489392869e+00
2.532985466400240249e+00
3.298851272549749858e+00
3.516641591204269890e+00
3.192489813926620457e+00
2.443334736076506974e+00
1.466835009108916621e+00
4.933759489412723465e-01
-2.684020512753939602e-01
-6.796673743061907302e-01
-7.017591309408205413e-01
-4.018126226612492857e-01
6.747120994975516761e-02
5.088646258910535236e-01
7.324552460328395131e-01
6.057143158852924536e-01
8.963615119831791489e-02
-7.478893574899903030e-01
-1.744884076842281528e+00
-2.681433997870844355e+00
-3.330763139417507013e+00
-3.513202038292144724e+00
-3.140262660761168334e+00
-2.238297284684893640e+00
-9.459799719969900211e-01
5.140166619376838053e-01
1.882717370599285012e+00
2.920927264831983727e+00
3.460743939010276549e+00
3.440615750204004897e+00
2.915931508687675588e+00
2.042874610476062447e+00
1.039544470249486263e+00
1.336598592487581172e-01
-4.907403691562206571e-01
-7.350229297537955730e-01
-6.063487091052353062e-01
-2.120772748303599575e-01
2.702544796474815048e-01
6.399988100126688950e-01
7.260684725811852314e-01
4.324383347865656813e-01
-2.345904049018008308e-01
-1.164087244834568935e+00
-2.163923401545193137e+00
-3.004561936763162855e+00
-3.472946064375768138e+00
-3.423760491088147617e+00
-2.815885798092692127e+00
-1.725295998827979904e+00
-3.311573119819528621e-01
1.121827400041409240e+00
2.376203317019397687e+00
3.217495228674666752e+00
3.520010705304700060e+00
3.272174277218725891e+00
2.575662894602981368e+00
1.618763626562403468e+00
6.304126464377546313e-01
-1.741249577297323547e-01
-6.430727407213105984e-01
-7.217375304082056520e-01
-4.620714608985884153e-01
-6.141853544450371141e-03
4.523253689977962400e-01
7.189387366248840561e-01
6.497956717216777367e-01
1.903848129023559821e-01
-6.072599330057353306e-01
-1.593468029391790441e+00
-2.554000135907650737e+00
-3.259591812490759466e+00
-3.520319473379374564e+00
-3.231917872049410612e+00
-2.403007080178798383e+00
-1.156633238681109122e+00
2.944564910336866514e-01
1.693218152252058850e+00
2.793947598813665945e+00
3.415296536299489816e+00
3.478431348876364737e+00
3.021591206841238275e+00
2.187846764974481495e+00
1.189147651496617275e+00
2.552916204957871305e-01
-4.200572864691307640e-01
-7.235523819488138830e-01
-6.461939250993619099e-01
-2.816865351928844463e-01
2.002603962024158968e-01
5.990999701638485275e-01
7.360946828299872458e-01
5.016741678630647350e-01
-1.140058127726046866e-01
-1.014811957659011998e+00
-2.018404283451052716e+00
-2.897529943268677854e+00
-3.433180552547183684e+00
-3.467072276422072274e+00
-2.940991696161609603e+00
-1.913584065080568219e+00
-5.504306579438844604e-01
9.104744055907536548e-01
2.209958885715922250e+00
3.123800943599361890e+00
3.510782821554924382e+00
3.341599936469997090e+00
2.702055714907802830e+00
1.770010777629109855e+00
7.717056089229550331e-01
-7.211308396009497024e-02
-5.974946853352913756e-01
-7.339327806773505714e-01
-5.178165212283522001e-01
-7.969656009373046746e-02
3.913737677724554720e-01
6.976983745550755511e-01
6.848941385511202462e-01
2.833381567313382199e-01
-4.709956915638529029e-01
-1.441503031700019921e+00
-2.420755979742645447e+00
-3.178249229738603354e+00
-3.514868116035994028e+00
-3.311195271667897622e+00
-2.558154329211435929e+00
-1.362596625838237818e+00
7.369749298114547376e-02
1.496891504502859238e+00
2.655988020686865791e+00
3.357067975386532233e+00
3.504349387313087316e+00
3.118640509878106037e+00
2.329073984745211767e+00
1.340278506753269649e+00
3.828920929026129460e-01
-3.408097568232730801e-01
-7.033180595365209342e-01
-6.794343210451829762e-01
-3.485949965212944979e-01
1.283550882010233984e-01
5.521786057191035990e-01
7.375751287493645947e-01
5.621308498382588947e-01
7.638334409421076998e-14
-8.679346764610158527e-01
-1.870069386876624717e+00
-2.782655149461274569e+00
-3.381936359678317849e+00
-3.497563759403407690e+00
-3.054615528980499484e+00
-2.094180911523060740e+00
-7.674645401164250647e-01
6.954233510706685495e-01
2.034880533851100015e+00
3.018040694483802966e+00
3.488823631423503713e+00
3.400268534191114078e+00
2.821776025154595580e+00
1.919777795267379128e+00
9.165823186930412980e-01
3.724075278621663543e-02
-5.429628642851078713e-01
-7.380171846694978388e-01
-5.684556854092090994e-01
-1.524935132756113365e-01
3.266333479529872630e-01
6.691170558258844325e-01
7.110456315815822936e-01
3.681632838556627707e-01
-3.397296946504839710e-01
-1.289778808014976352e+00
-2.282463143825803620e+00
-3.087286444474503178e+00
-3.497051633006788673e+00
-3.377892701330257985e+00
-2.703165439587301044e+00
-1.563044998005591157e+00
-1.473616268010137786e-01
1.294514720368852956e+00
2.507537493867550982e+00
3.286158511526500181e+00
3.518070403530514589e+00
3.206460440409895085e+00
2.465769651907379068e+00
1.492170065092387254e+00
5.158922683762230399e-01
-2.532414828972999743e-01
-6.741916832117880176e-01
-7.056140094917279226e-01
-4.121432461081846466e-01
5.522803472431890570e-02
4.997735164297792965e-01
7.307537219235662462e-01
6.136848577287048467e-01
1.069532479810255676e-01
-7.241758976585466190e-01
-1.719719976200341449e+00
-2.660630244627167684e+00
-3.319629642689481130e+00
-3.515267977292359181e+00
-3.156387704124196780e+00
-2.266387201774533011e+00
-9.813787887529933363e-01
4.775445434268227318e-01
1.851640289852924059e+00
2.900545625620242873e+00
3.454059356399782565e+00
3.447730189965024117e+00
2.934112021701513306e+00
2.067263008886412123e+00
1.064340243454735990e+00
1.534944329062399859e-01
-4.795633027085253186e-01
-7.337126869988328526e-01
-6.134276740005059070e-01
-2.238378723742299181e-01
2.587504665764596146e-01
6.336223596099295197e-01
7.283417445372275534e-01
4.445803772140670684e-01
-2.140576052660925210e-01
-1.139072820310568446e+00
-2.139899662935532909e+00
-2.987296374944574229e+00
-3.467131705462531244e+00
-3.431868977096969697e+00
-2.837516757866766604e+00
-1.757180606993239635e+00
-3.678206691597839528e-01
1.086895122171470884e+00
2.349136607508330865e+00
3.202729721197479229e+00
3.519351886511283389e+00
3.284471672684127874e+00
2.597160734833945384e+00
1.644040310577273845e+00
6.536836649881676564e-01
-1.576501322008270201e-01
-6.361001435763975476e-01
-7.243200186076669267e-01
-4.716921087512007116e-01
-1.842393881697989427e-02
4.424566520370669664e-01
7.159252852436946979e-01
6.562689514970843074e-01
2.064280154617457175e-01
-5.842285514742031616e-01
-1.568157201675468793e+00
-2.532175933745103524e+00
-3.246726711524476450e+00
-3.520278974655494331e+00
-3.245996551776570094e+00
-2.429545110772650229e+00
-1.191308750403994754e+00
2.577223558952261295e-01
1.660950578608612505e+00
2.771704280526578135e+00
3.406477410672369643e+00
3.483586021482666162e+00
3.038381217831103154e+00
2.211666081524869210e+00
1.214250536650365309e+00
2.761587291056435411e-01
-4.074382128983495832e-01
-7.207927311771653578e-01
-6.522054827260381771e-01
-2.930435319337824085e-01
1.883904021124067907e-01
5.916838567556375050e-01
7.369289351489856088e-01
5.123639753858360013e-01
-9.453461263099360856e-02
-9.901461098579356079e-01
-1.993855730833216322e+00
-2.878910450513378017e+00
-3.425426384181150752e+00
-3.473044355919426174e+00
-2.960737054550439673e+00
-1.944237028771168996e+00
-5.867824215287834599e-01
8.748660738821831817e-01
2.181375001722402729e+00
3.107003928195678277e+00
3.508009821099981274e+00
3.352137817310118173e+00
2.722492027314761920e+00
1.795096370367303296e+00
7.956214764925026994e-01
-5.438596226656056132e-02
-5.890262121187388455e-01
-7.351849022343834861e-01
-5.266265166626890037e-01
-9.190085127285119171e-02
3.808296165027240110e-01
6.934336020721276750e-01
6.898722503477259238e-01
2.980483588390387961e-01
-4.487543585429143445e-01
-1.416177770078962395e+00
-2.398036945328278158e+00
-3.163741323421760399e+00
-3.512751034501683023e+00
-3.323189689856772766e+00
-2.583041520148759318e+00
-1.396409579647126753e+00
3.685083165443441000e-02
1.463560736842852483e+00
2.631960830957623898e+00
3.346126742868308135e+00
3.507490502053587811e+00
3.133934247934485384e+00
2.352192354799643059e+00
1.365561895151504501e+00
4.046997699370271651e-01
-3.267854964644292259e-01
-6.990838291168348650e-01
-6.842996279766127010e-01
-3.594372527298473341e-01
1.162333393345561239e-01
5.438101842428749721e-01
7.370074035416320779e-01
5.713439395108865781e-01
1.832740963209422702e-02
-8.437392427437893083e-01
-1.845129387873655880e+00
-2.762795063011047603e+00
-3.372308151353659689e+00
-3.501400678941227085e+00
-3.072409732024748319e+00
-2.123482934284861123e+00
-8.033571224000704003e-01
6.592828553633974797e-01
2.004888533231385495e+00
2.999263309707789205e+00
3.483919927569399722e+00
3.408968486869611958e+00
2.841030305837373593e+00
1.944538776674441083e+00
9.410279330713035018e-01
5.614985196258892586e-02
-5.330089389970038560e-01
-7.378890960330284354e-01
-5.763592452349851625e-01
-1.645037738941594330e-01
3.155200071734136080e-01
6.636691921192217070e-01
7.145399926135982405e-01
3.814901249410691531e-01
-3.183803702533800628e-01
-1.264569654464813953e+00
-2.258977923609589489e+00
-3.071231733258197316e+00
-3.492897594130982331e+00
-3.387775076404520469e+00
-2.726310976866087366e+00
-1.595860425743386379e+00
-1.841707638294588500e-01
1.260253332875716392e+00
2.481813011991094609e+00
3.273117854626508283e+00
3.519153541530009921e+00
3.220158506358432149e+00
2.488057178035170569e+00
1.517504553507770026e+00
5.385417590986407710e-01
-2.378579328321568376e-01
-6.684668339489998612e-01
-7.092611833070986416e-01
-4.223627211792085334e-01
4.297027127865157142e-02
4.905459019847077107e-01
7.288296700505938475e-01
6.214061083592605783e-01
1.240624966464680679e-01
-7.005683812475984595e-01
-1.694522181018827789e+00
-2.639647842671337230e+00
-3.308201699825166209e+00
-3.516981191172009247e+00
-3.172174743757812720e+00
-2.294225674256804126e+00
-1.016666886260926272e+00
4.410184203633169542e-01
1.820356196331739174e+00
2.879848686788966994e+00
3.447018588800331074e+00
3.454522125558846746e+00
2.952068382336974217e+00
2.091565779485084597e+00
1.089195855251607892e+00
1.735071797811835737e-01
-4.681437350533566022e-01
-7.321630064422131046e-01
-6.203344938407825415e-01
-2.355390326206408258e-01
2.471776092925368484e-01
6.270668265945387176e-01
7.303729809460313138e-01
4.564824757337071492e-01
-1.936957114299686644e-01
-1.114107866271907721e+00
-2.115779227458543410e+00
-2.969797516198360299e+00
-3.460989851918089943e+00
-3.439621743942415044e+00
-2.858838399560549082e+00
-1.788868492032403612e+00
-4.044424181686741004e-01
1.051840310219903651e+00
2.321809773929070175e+00
3.187622495517672405e+00
3.518342279067259604e+00
3.296481601005157636e+00
2.618490198048974538e+00
1.669294393180012381e+00
6.770699359726430888e-01
-1.409620581275625728e-01
-6.288779087973985771e-01
-7.266845899273370879e-01
-4.811845145980627736e-01
-3.070115891139190908e-02
4.324681495585483426e-01
7.126988606458297681e-01
6.624926383562894650e-01
2.222529229311291932e-01
-5.613215022836857138e-01
-1.542834819825681159e+00
-2.510193779024731064e+00
-3.233581442099440206e+00
-3.519890038891939632e+00
-3.259730214791120684e+00
-2.455814659030479685e+00
-1.225850065521500554e+00
2.209590607535814322e-01
1.628496815387734831e+00
2.749158005374578551e+00
3.397303459698471251e+00
3.488408587271500494e+00
3.054929030313959792e+00
2.235377686670036557e+00
1.239392381868721360e+00
2.971891750464745741e-01
-3.945821372145865702e-01
-7.177888206236358037e-01
-6.580312916920768584e-01
-3.043223811451035710e-01
1.764704670604882730e-01
5.841027966187286591e-01
7.375267162384173680e-01
5.228091114459971767e-01
-7.524854284074389277e-02
-9.655503126702416061e-01
-1.969232658909813916e+00
-2.860076180101829735e+00
-3.417355072913037528e+00
-3.478660212247028483e+00
-2.980161518380985974e+00
-1.974672946565994902e+00
-6.230678513819072339e-01
8.391589754194958006e-01
2.152548663281645958e+00
3.089873035568513338e+00
3.504882577691573076e+00
3.362374602760447750e+00
2.742739586258815976e+00
1.820137144541873919e+00
8.196337615529871723e-01
-3.645674019496025764e-02
-5.803091858099300726e-01
-7.362102254196898343e-01
-5.352919502319758438e-01
-1.040808531220461519e-01
3.701831215453214030e-01
6.889667097385849814e-01
6.946020270980663991e-01
3.125312581682178070e-01
-4.266547832930762674e-01
-1.390862851986360171e+00
-2.375181207935180172e+00
-3.148968762882085937e+00
-3.510291447879370530e+00
-3.334833755180382830e+00
-2.607644515626018400e+00
-1.430065526299389989e+00
-5.878304635907295947e-14
