2.000000000000000000e+00
1.958845886943219927e+00
1.918059868102693244e+00
1.875295366242132999e+00
1.827024018727711585e+00
1.768865846608244308e+00
1.696005240044772044e+00
1.603750196404273964e+00
1.488278539296824077e+00
1.347579901810556535e+00
1.182540987106591945e+00
9.980327424294932470e-01
8.037491651141789317e-01
6.144406770392704109e-01
4.491214651649931278e-01
3.288690038542784189e-01
2.730410263763772827e-01
2.941570463051461637e-01
3.923140623685443251e-01
5.507070466810839449e-01
7.343428065187513898e-01
8.939922872596861581e-01
9.764393798498709476e-01
9.399884745016291454e-01
7.713190432769863047e-01
4.971497056865566977e-01
1.834198488832243235e-01
-8.256409686049367980e-02
-2.248141430442057442e-01
-2.149577399416763013e-01
-9.408875860108859013e-02
3.679574377191102696e-02
6.213920663511979248e-02
-8.395711455318960459e-02
-3.703140746903185176e-01
-6.744687539046063662e-01
-8.516357599735597805e-01
-8.321686107978605307e-01
-6.797252940465348114e-01
-5.546472615645157145e-01
-5.924340888936249216e-01
-7.853976287725332739e-01
-9.755002461187141094e-01
-9.863964074991558029e-01
-7.904555972932790775e-01
-5.465085043385569108e-01
-4.469599170574647395e-01
-5.122563150271629562e-01
-5.591226542122613719e-01
-4.052054247680610954e-01
-9.249956381276297490e-02
1.505324396202208925e-01
1.913918736222013361e-01
1.685086505278002023e-01
3.029341931445131975e-01
5.783644374293548385e-01
7.501682826579856300e-01
7.021202777119429639e-01
6.234242678938056725e-01
7.048733041953141321e-01
8.189505415600475402e-01
7.284774866702357077e-01
4.982313882206261257e-01
3.848628664685130873e-01
3.736743389042461727e-01
2.145324028431297436e-01
-8.388078119712383263e-02
-2.549967845515868081e-01
-2.941921752472325124e-01
-4.469046717870007179e-01
-6.685698381602107609e-01
-7.036665547388488706e-01
-6.333597911517148127e-01
-6.760387841396203745e-01
-6.780094712979872762e-01
-4.791189613872976483e-01
-3.022555236825743563e-01
-2.213529244442385135e-01
-7.013310255130057735e-03
2.580519915286006993e-01
3.623060640532818066e-01
4.797027441085244259e-01
6.603328490422826214e-01
6.665826204303276770e-01
6.048315489333847550e-01
6.047868862811744961e-01
4.549909926734655996e-01
2.338474832419938643e-01
1.025909717043839431e-01
-1.242624409463834873e-01
-3.582073292022451838e-01
-4.540211119425882624e-01
-5.928216640770074264e-01
-6.566369137369396647e-01
-5.725746472767384576e-01
-5.212821921651683565e-01
-3.557043162626380983e-01
-1.238204055915956420e-01
4.287696711625446633e-02
2.898999807409998186e-01
4.566866131892698966e-01
5.460095820130934641e-01
6.290279116692603090e-01
5.475394490247570412e-01
4.490249110916854636e-01
2.722414811027236703e-01
2.742412742442627144e-02
-1.612263371048770488e-01
-3.945785732456737471e-01
-5.114229162437392562e-01
-5.801846650444288933e-01
-5.583580427263220569e-01
-4.196343176237770090e-01
-2.601809212200078547e-01
-2.399584085893238447e-03
2.012006549935656252e-01
4.152025909647237278e-01
5.253224278072741171e-01
5.583312927326329334e-01
4.900495142162165085e-01
3.203028221846409007e-01
1.137700113951444075e-01
-1.435246417296132115e-01
-3.382977900982009345e-01
-5.036298842032458367e-01
-5.310746070102103644e-01
-4.890451951826314536e-01
-3.107781987666409229e-01
-1.034652122191766221e-01
1.586373838656395807e-01
3.540048567542478097e-01
5.027508131446004613e-01
5.104766183872848639e-01
4.326707708182462864e-01
2.289178106631757914e-01
-8.787293283916367687e-05
-2.541578602237716256e-01
-4.228587725200635417e-01
-5.114637746882125802e-01
-4.553532744233015350e-01
-3.026965625514927427e-01
-6.275613663916486396e-02
1.856091984070634693e-01
3.864545362597409661e-01
4.897749993583858097e-01
4.532900049987215185e-01
3.085140013299615958e-01
6.440899098686050928e-02
-1.808875259555071113e-01
-3.877735547231866420e-01
-4.756009565095775105e-01
-4.284178298496154058e-01
-2.612206604795775378e-01
-8.045306311131667637e-03
2.346052540006482445e-01
4.159906922494975845e-01
4.631223520408390693e-01
3.661764702232277457e-01
1.608291899496062383e-01
-1.040759352643319674e-01
-3.260723142206292668e-01
-4.445132962725789616e-01
-4.183818903088836194e-01
-2.458457922015053199e-01
1.697007251325657277e-03
2.509493901176670372e-01
4.145594357778463745e-01
4.263843197324985179e-01
2.926612087635764858e-01
5.376447027310892607e-02
-2.072887273576579925e-01
-3.859558060546792180e-01
-4.230190364833122385e-01
-3.038074955435117741e-01
-6.556091568286510907e-02
1.944656095055168898e-01
3.758438121500249918e-01
4.129102970244786786e-01
2.848840633499609143e-01
4.114313714948400480e-02
-2.149950013952590111e-01
-3.820087300111441597e-01
-3.928761473670620008e-01
-2.377440113866496063e-01
1.827555573715669568e-02
2.628533775374740644e-01
3.928226111017540934e-01
3.530158838573574376e-01
1.571690649291339059e-01
-1.090186537190596522e-01
-3.235486850411640747e-01
-3.891211456968200477e-01
-2.772849505649283008e-01
-3.826105718038910058e-02
2.185870776113980896e-01
3.711618341264152909e-01
3.447467789410424421e-01
1.521046464479401394e-01
-1.124875256248638322e-01
-3.199887353387268485e-01
-3.684124838206422337e-01
-2.325529057721092419e-01
2.062616887613214628e-02
2.623254210616031701e-01
3.671839110105817872e-01
2.799990931215157741e-01
4.646711718016630077e-02
-2.098215106650379580e-01
-3.522736667390101162e-01
-3.041532209375473750e-01
-9.103967781179025942e-02
1.708881494482561159e-01
3.367980186850197954e-01
3.134449279875763938e-01
1.131947353623558306e-01
-1.504873936243835142e-01
-3.261456068692449306e-01
-3.115906001058103003e-01
-1.148361943331757673e-01
1.484345160290414245e-01
3.216878673091805307e-01
3.007646820489462969e-01
9.794634862636365791e-02
-1.633340628993216748e-01
-3.223774971216049612e-01
-2.802788529937665918e-01
-6.301076375213322811e-02
1.926253770788354525e-01
3.240107392190156865e-01
2.466127077467209772e-01
1.014225139294571733e-02
-2.314158101101817799e-01
-3.192065764068842126e-01
-1.947813023997525816e-01
5.901578205125346949e-02
2.713702560374466333e-01
2.980048724305868757e-01
1.204582870083421992e-01
-1.389867248947975198e-01
-2.999673895343027974e-01
-2.495383505076345931e-01
-2.314241818163461847e-02
2.181470512298040454e-01
3.011660820845566411e-01
1.657345923009267696e-01
-8.961686226499583630e-02
-2.774413440562630839e-01
-2.586849587730294386e-01
-4.717161408717446269e-02
1.983481068518346546e-01
2.920898494815827862e-01
1.625117737064279977e-01
-9.093846750615793006e-02
-2.721684931326914803e-01
-2.398731623614525910e-01
-1.936047819634718198e-02
2.149691575130761312e-01
2.763978826568778135e-01
1.156008410916095214e-01
-1.374556560966504470e-01
-2.767443878833224513e-01
-1.880582175206398643e-01
5.533937439696417354e-02
2.509973442687072898e-01
2.350549756894209363e-01
2.101291960991053670e-02
-2.092793072573851110e-01
-2.588647911193184270e-01
-8.511664458634204955e-02
1.612081424882378378e-01
2.650196666201091178e-01
1.351417401045734712e-01
-1.133503530265898007e-01
-2.589843624380367415e-01
-1.712085892075117521e-01
7.052798593924788917e-02
2.463379548804375263e-01
1.953804708076220531e-01
-3.520764383310833606e-02
-2.314427832024193721e-01
-2.101966982559215769e-01
8.353658168422446045e-03
2.173448486867572138e-01
2.178935215500856226e-01
9.726221840974045782e-03
-2.062149598560046038e-01
-2.204082762076859936e-01
-1.926411874952271841e-02
1.992681973079384050e-01
2.190608706051283550e-01
2.069931320694173849e-02
-1.968687027748557972e-01
-2.143906098023843909e-01
-1.440715692672837195e-02
1.987274390896572596e-01
2.062240703322673341e-01
6.840686662349345411e-04
-2.039612233705567490e-01
-1.937825298677673114e-01
2.012554198205555520e-02
2.110537425128915234e-01
1.758133614416833856e-01
-4.741915417954175455e-02
-2.177989197732225490e-01
-1.508043483437551679e-01
8.004603179124390733e-02
2.212833746483840180e-01
1.173257958152364722e-01
-1.159621243048708783e-01
-2.179790129900528450e-01
-7.452597421822491908e-02
1.519000592743605105e-01
2.040403135272303992e-01
2.277481978185392011e-02
-1.831759116162596790e-01
-1.759033729091943055e-01
3.561224816451581676e-02
2.038073197340511955e-01
1.312437175000026324e-01
-9.574057543683921201e-02
-2.071485665957906175e-01
-7.024291933154767908e-02
1.498878429826173420e-01
1.872096300671031721e-01
-3.073784966766080363e-03
-1.880291396925026781e-01
-1.406621886205969285e-01
7.990002842543894590e-02
1.994955122504981360e-01
6.923807884464505680e-02
-1.467696791544993717e-01
-1.759219288852029994e-01
1.815969980378374579e-02
1.874718102766126659e-01
1.152120714047709937e-01
-1.047939284035175889e-01
-1.872911981889031352e-01
-2.539523772689315437e-02
1.683438492677728493e-01
1.391209727200021506e-01
-7.370189676284928659e-02
-1.868208299530712546e-01
-4.955227014003780323e-02
1.530376312531342431e-01
1.474900728114413584e-01
-5.793062066325985887e-02
-1.826651248039626863e-01
-5.623191149129158628e-02
1.464907053655989388e-01
1.448890401865026434e-01
-5.805959272876830279e-02
-1.781629681854891845e-01
-4.717681543365108421e-02
1.492040367893404107e-01
1.324208314816331389e-01
-7.280330170394339051e-02
-1.720537262233610420e-01
-2.302524236184847611e-02
1.579649081383187048e-01
1.080317874006837681e-01
-9.905142230076531551e-02
-1.591375319879294592e-01
1.566052088808162629e-02
1.657443197006336355e-01
6.811153102432070117e-02
-1.303802646853917113e-01
-1.314794981939413909e-01
6.563578726474343650e-02
1.615941456404004495e-01
1.083727299498883113e-02
-1.551367008255263025e-01
-8.142296111998681418e-02
1.172266473091663763e-01
1.324518623790781890e-01
-5.862261333402903063e-02
-1.563198445325187091e-01
-7.625393434140565786e-03
1.517597949025476234e-01
6.921503025552465382e-02
-1.227517791932720703e-01
-1.167296244716885534e-01
7.668777212271120358e-02
1.446570132998593605e-01
-2.233073011611547837e-02
-1.514645981725518120e-01
-3.190788212991023387e-02
1.389233716686014142e-01
7.920443509209300348e-02
-1.110811766410761403e-01
-1.149493870797278078e-01
7.313629306875142622e-02
1.368630771642334876e-01
-3.044797304338344238e-02
-1.447295131905813881e-01
-1.219848209502312313e-02
1.399057339688320745e-01
5.104146090161706256e-02
-1.247587038137062260e-01
-8.352322184833625707e-02
1.021311491555320500e-01
1.082620047800112451e-01
-7.490128933121102672e-02
-1.248928934750102859e-01
4.567727726893761053e-02
1.338255751002000171e-01
-1.660213461263304602e-02
-1.360022070977973396e-01
-1.071486361575015207e-02
1.326566688699398477e-01
3.520229824396272494e-02
-1.251295124310406459e-01
-5.626604885680078216e-02
1.147264030036509869e-01
7.370047084918622537e-02
-1.026217322867525733e-01
-8.759627631842129003e-02
8.981254280292057246e-02
9.824393528272139242e-02
-7.709930021046472459e-02
-1.060517352514057654e-01
6.508974738806301563e-02
1.114820823301766878e-01
-5.422144966427693696e-02
-1.150001668979771519e-01
4.478971604455718458e-02
1.170375575939021223e-01
-3.697635621892214619e-02
-1.179701270171937544e-01
3.087857983889882862e-02
1.181049408768144460e-01
-2.653454826411113035e-02
-1.176730643306764940e-01
2.394301491362875456e-02
1.168272591152317019e-01
-2.307705422519813754e-02
-1.156430415122406408e-01
2.389237809518779052e-02
1.141214485238589704e-01
-2.633028191978218843e-02
-1.121927465924680428e-01
3.031527153807027711e-02
1.097211959619757010e-01
-3.574775883592452852e-02
-1.065114782374233099e-01
4.249248110372375736e-02
1.023177207198809197e-01
-5.036351016658938834e-02
-9.685635208898853155e-02
5.910703977813173970e-02
8.982424605437609733e-02
-6.838365841000607070e-02
-8.092363609602480634e-02
7.775251978541938835e-02
6.989500710877037670e-02
-8.666065437529360538e-02
-5.655848698855084344e-02
9.444151467460762395e-02
4.086307425061738025e-02
-1.003275426941162146e-01
-2.294127287946608196e-02
1.034818343122488465e-01
3.164358089847707761e-03
-1.030535146588956452e-01
1.780931069109533901e-02
9.825984015259657534e-02
-3.900346594403526768e-02
-8.849492502895729695e-02
5.912366810958862712e-02
7.346009218862063761e-02
-7.660194957920571368e-02
-5.330418677740956374e-02
8.969965497236842555e-02
2.875425343061219219e-02
-9.667718664100931336e-02
-1.208914657246810530e-03
9.603025221723729410e-02
-2.723946138018090712e-02
-8.677814589486923524e-02
5.388945190864718321e-02
6.877128640956395311e-02
-7.565185263928204951e-02
-4.296506670399181937e-02
8.942076943602285388e-02
1.158947526165280718e-02
-9.257919794766675259e-02
2.186463607385312480e-02
8.358440398700876794e-02
-5.291367326109486929e-02
-6.253371452182061863e-02
7.664306656483502178e-02
3.157164909466031455e-02
-8.854318547915548954e-02
5.020323876660166482e-03
8.551814094895902885e-02
-4.119234995965165291e-02
-6.687527492023387365e-02
7.002463036631248472e-02
3.502787397070015324e-02
-8.510326241664932512e-02
4.381640316542284586e-03
8.215700412708014377e-02
-4.317107284434568149e-02
-6.057136910123218226e-02
7.218889343537386594e-02
2.428660831263423220e-02
-8.357433199972805205e-02
1.839605344726821107e-02
7.321105263147534292e-02
-5.637840158332987905e-02
-4.262948037845536858e-02
7.859403138691198332e-02
-4.538930636500165447e-04
-7.749524723933519377e-02
4.354875912859560577e-02
5.213448022355228473e-02
-7.279132545012953481e-02
-9.577381285870370173e-03
7.759019075583284408e-02
-3.635387013635670017e-02
-5.502251750846151590e-02
6.921021752895778478e-02
1.211848544612642575e-02
-7.594229391219532721e-02
3.547060101670006932e-02
5.270071117110011749e-02
-6.873265337488392024e-02
-7.763135806512073273e-03
7.303787112940174353e-02
-4.045171014048072611e-02
-4.530000857311953372e-02
7.046948651105033878e-02
-3.071558619106285175e-03
-6.758030484037577668e-02
4.985746855351706752e-02
3.195077449289851490e-02
-7.186822786401571295e-02
1.964789816012657217e-02
5.692454997526272958e-02
-6.077927737865513463e-02
-1.172881804085442077e-02
6.877461036861158561e-02
-3.974134519359596995e-02
-3.807048445735006920e-02
6.821954701130361620e-02
-1.464485746667225190e-02
-5.612775623427978394e-02
5.824193046295658704e-02
9.696030534131316880e-03
-6.526977320808155514e-02
4.259773033983728363e-02
3.019019651946704130e-02
-6.664724463015850309e-02
2.475287561606025200e-02
4.544624265107983369e-02
-6.229539599230248664e-02
7.329800335913706603e-03
5.538508310296769849e-02
-5.442615158844710949e-02
-8.031439153461635352e-03
6.074564524322122183e-02
-4.498951746129584844e-02
-2.055402251388958532e-02
6.264381865826032514e-02
-3.547800252360611833e-02
-3.009110560915807461e-02
6.225337641216317774e-02
-2.690269839250917366e-02
-3.687827625936877796e-02
6.061527391033077333e-02
-1.986531140916688795e-02
-4.132517817830153734e-02
5.854941756795049856e-02
-1.466671548194506229e-02
-4.386478135779132287e-02
5.663349936794872391e-02
-1.141344210047649799e-02
-4.485791958337646823e-02
5.521660494084802001e-02
-1.010178597973411703e-02
-4.454200319008248116e-02
5.444396978583094376e-02
-1.067129246377577015e-02
-4.301190199267506536e-02
5.427854750385376764e-02
-1.302636694884577034e-02
-4.022436210174697158e-02
5.451354338166827795e-02
-1.702793296207652171e-02
-3.602238277565707886e-02
5.477709808759058385e-02
-2.245876597217229265e-02
-3.018072270327290182e-02
5.453654388446023404e-02
-2.896834143523659491e-02
-2.247688104527208880e-02
5.311536553124891757e-02
-3.600723833360204573e-02
-1.279194099960570888e-02
4.974073521269122694e-02
-4.276827749463543021e-02
-1.240829506135653938e-03
4.364163197054476279e-02
-4.816126695802862290e-02
1.167985139318573375e-02
3.421390315831936146e-02
-5.085799150387933232e-02
2.495693254956877702e-02
2.125479506388843962e-02
-4.944846962045917893e-02
3.699304561820590531e-02
5.241400116992337051e-03
-4.273982809588580678e-02
4.568220842723198782e-02
-1.241545322896874838e-02
-3.019510021569787178e-02
4.870972526344553855e-02
-2.926037299737192440e-02
-1.244375993757870606e-02
4.412573161777193914e-02
-4.198019811632099779e-02
8.296148193532526527e-03
3.115330669827958213e-02
-4.702923533015560681e-02
2.813474352964565744e-02
1.104301796968842203e-02
-4.172813612513642800e-02
4.204701038011967457e-02
-1.239058869906089350e-02
-2.565005002808604107e-02
4.520253339962560651e-02
-3.302991687271397692e-02
-1.803872658661942463e-03
3.495256969190530666e-02
-4.390812188327642557e-02
2.313134167608600980e-02
1.285375311778538289e-02
-3.984056001305726763e-02
4.024717196039681588e-02
-1.436668078018674480e-02
-2.048116835045813225e-02
4.171719915924165800e-02
-3.609848207640609791e-02
7.746828122764963867e-03
2.508584153299281416e-02
-4.190074198987151638e-02
3.268041536562601990e-02
-3.618964191133287704e-03
-2.724957559655325628e-02
4.134537187673603675e-02
-3.063912916004284462e-02
1.991954134313550506e-03
2.743848163954970554e-02
-4.056124860927972503e-02
3.018883148885685708e-02
-2.752248494477233139e-03
-2.586991624408468277e-02
3.962458987826888990e-02
-3.121019184135615313e-02
5.750051808896242470e-03
2.249784841969014113e-02
-3.821563916051243237e-02
3.327545588787864106e-02
-1.076475450479811441e-02
-1.709162339876243997e-02
3.567381567898394307e-02
-3.561308497990837985e-02
1.736863277245758244e-02
9.409501327010174818e-03
-3.110359563834884378e-02
3.706273280765094019e-02
-2.472352799216460950e-02
5.216672576170024557e-04
2.359455487253835429e-02
-3.611149620633045954e-02
3.138464472977770675e-02
-1.203568745461195723e-02
-1.261843989650692638e-02
3.113647930413010814e-02
-3.525192554220166197e-02
2.346008680046483483e-02
-1.394769532079369193e-03
-2.097135220311010032e-02
3.387549110425847054e-02
-3.197808671364258531e-02
1.645229688226785073e-02
5.803110880335601504e-03
-2.531194364201252989e-02
3.406714761774743555e-02
-2.875065139628029537e-02
1.186786231483935236e-02
9.524374333982937174e-03
-2.683073012457621795e-02
3.336710416539404728e-02
-2.687119762989543040e-02
1.016699244520765516e-02
1.014693655150896573e-02
-2.635657251175797799e-02
3.255428409946570234e-02
-2.672589810884247116e-02
1.129762464021418465e-02
7.948801237746478884e-03
-2.409246285559801803e-02
3.155985216766607482e-02
-2.799485397005479700e-02
1.491021694094881063e-02
3.015611734596297493e-03
-1.966308102025714211e-02
2.957013575045628131e-02
-2.968712597600038292e-02
2.024197705955214921e-02
-4.502117548220520987e-03
-1.241073103109819123e-02
2.521159376525794124e-02
-3.008774602602640180e-02
2.578217376968089738e-02
-1.383862230480195285e-02
-2.002012863154365319e-03
1.701191755203626532e-02
-2.689479133856234605e-02
2.898880937161647797e-02
-2.292922588951252019e-02
1.062670014073067298e-02
4.379490964782767337e-03
-1.796791639192450718e-02
2.656774019296245445e-02
-2.806972393755410855e-02
2.229408605288310877e-02
-1.092956498569786633e-02
-2.998154293171841241e-03
1.595655375846030330e-02
-2.480424356049105994e-02
2.753103855933480837e-02
-2.367422547890844081e-02
1.433865824095129429e-02
-1.849080325487076652e-03
-1.085377217762391842e-02
2.091355448017717666e-02
-2.618914675446041077e-02
2.568179572097881516e-02
-1.968265034220751178e-02
9.633165327372281150e-03
2.246832920034493725e-03
-1.346505557822005351e-02
2.178036519846762373e-02
-2.563607844295387808e-02
2.442431772928425546e-02
-1.854456942315989287e-02
9.263824313526312915e-03
1.576755531056998720e-03
-1.193924271680090084e-02
1.997265413167588141e-02
-2.433236856141836671e-02
2.438395975984973194e-02
-2.026640490541075854e-02
1.281713320973735908e-02
-3.385055702796453073e-03
-6.426075059992643508e-03
1.503466498602351945e-02
-2.113151712480999811e-02
2.386588228999997688e-02
-2.294443451794356964e-02
1.863661512666296358e-02
-1.169503601781742182e-02
3.211543806571155648e-03
5.563248635983365602e-03
-1.340707601153308219e-02
1.929249915935087045e-02
-2.251168449041550737e-02
2.274680386693316708e-02
-2.008239715598921643e-02
1.496432982683866195e-02
-8.116493621715176535e-03
4.305184306766992328e-04
7.154699058641161846e-03
-1.376769371633766205e-02
1.870015529035502430e-02
-2.147448154019131542e-02
2.187852282198933518e-02
-1.996733321779733256e-02
1.603556667805292046e-02
-1.056699204027934831e-02
4.169273881031668877e-03
2.497327861973909924e-03
-8.789213361679449124e-03
1.413985699489673023e-02
-1.810643516031662514e-02
2.039980783485311269e-02
-2.089704968608297950e-02
1.963754234329568096e-02
-1.680506840586261375e-02
1.269931156456128793e-02
-7.700649984940253871e-03
2.232168615253891323e-03
3.277515506658259126e-03
-8.427625360806453511e-03
1.287257635320721363e-02
-1.634193109626276563e-02
1.865239676770142838e-02
-1.971203334972763607e-02
1.951743194098818149e-02
-1.814505045664253913e-02
1.573815323526935039e-02
-1.249090133612581512e-02
8.631103081490162920e-03
-4.402988687802825152e-03
5.115062957593009526e-05
4.193475381460276021e-03
-8.124996284199034746e-03
1.157099564171510005e-02
-1.439794335485027055e-02
1.651371535045999955e-02
-1.786751715180927638e-02
1.844761601806233983e-02
-1.827735025031949206e-02
1.740990623792775666e-02
-1.592234084017280990e-02
1.390928663142314801e-02
-1.147671847611004235e-02
8.736089518134619245e-03
-5.799069680517577631e-03
2.773045799250758916e-03
2.425261331024589474e-04
-3.158886463795139085e-03
5.899875107702999902e-03
-8.403031678943134394e-03
1.061997998595453144e-02
-1.251620242741746311e-02
1.407031886838547817e-02
-1.527298601355089533e-02
1.612552866518875833e-02
-1.663840511327736513e-02
1.682959670867373303e-02
-1.672299769646367826e-02
1.634686673652878397e-02
-1.573238709538945720e-02
1.491236891625696143e-02
-1.392011473350722277e-02
1.278845878877665418e-02
-1.154898186341747103e-02
1.023139628388317068e-02
-8.863090412526308803e-03
7.468818164033877958e-03
-6.070516700797201279e-03
4.687234253976055656e-03
-3.335149779371879893e-03
2.027666677799958104e-03
-7.755638947646749512e-04
-4.128108075185828716e-04
1.531318891366843229e-03
-2.575792044404936251e-03
3.543785929602042296e-03
-4.434334676442336885e-03
5.247712421861572447e-03
-5.985206680447534983e-03
6.648906970526232731e-03
-7.241510956225070961e-03
7.766149385883361692e-03
-8.226230307981844195e-03
8.625302414902244127e-03
-8.966936887215868485e-03
9.254626769282224899e-03
-9.491702682821080359e-03
9.681263561569640463e-03
-9.826121049787146788e-03
9.928756234986233983e-03
-9.991287466072782536e-03
1.001544813007401377e-02
-1.000257341223698658e-02
9.953595236452348130e-03
-9.869044766699863747e-03
9.749062038607725703e-03
-9.593412476638125616e-03
9.401510230893981093e-03
-9.172448432423678175e-03
8.905036611889544096e-03
-8.597845647477654618e-03
8.249260698580975631e-03
-7.857542635175452511e-03
7.420898482527922557e-03
-6.937561359562456273e-03
6.405880289075761673e-03
-5.824420091320039496e-03
5.192071331455955924e-03
-4.508169968539478024e-03
3.772625943379669024e-03
-2.986059439254588107e-03
2.149942952499232004e-03
-1.266746619597190629e-03
3.400834709561738833e-04
6.251495696239121403e-04
-1.622640027211630582e-03
2.644543581445541955e-03
-3.681390082408342399e-03
4.722019692089340741e-03
-5.753557720225368349e-03
6.761437292096392562e-03
-7.729479289606928753e-03
8.640038956320103894e-03
-9.474228056067159065e-03
1.021222042426770879e-02
-1.083364705518930979e-02
1.131808443934916551e-02
-1.164563663443832393e-02
1.179760747818597161e-02
-1.175725443024979756e-02
1.151060981060669265e-02
-1.104734879606187117e-02
1.036167663164254751e-02
-9.453200382252143277e-03
8.327743557042310146e-03
-6.998055543338354764e-03
5.484362537747991539e-03
-3.814703185242290708e-03
2.024991112323983305e-03
-1.587486679684465922e-04
-1.733537861908424462e-03
3.595480937739934605e-03
-5.366296514845502602e-03
6.982754787075313649e-03
-8.381555709374714086e-03
9.502078556354287900e-03
-1.028942186852952780e-02
1.069761538195982721e-02
-1.069285100885817089e-02
1.025654824268132891e-02
-9.388043562495021477e-03
8.106676885140955482e-03
-6.453044344148364982e-03
4.489198972883384764e-03
-2.297612028075188533e-03
-2.124041461980186719e-05
2.352727790926050552e-03
-4.573321266100014403e-03
6.557114814056176806e-03
-8.183349043526353880e-03
9.344551534894097317e-03
-9.954790602630679552e-03
9.957441925206438407e-03
-9.331802521256191141e-03
8.097867171293102878e-03
-6.318620223180775562e-03
4.099299372706905094e-03
-1.583261346320633499e-03
-1.055680033187177212e-03
3.624275245188301239e-03
-5.923715479923144164e-03
7.765511510002484803e-03
-8.988196718773690252e-03
9.473411752964143451e-03
-9.159766417898930480e-03
8.052852949321223294e-03
-6.229933512008572691e-03
3.838159785514343950e-03
-1.085700948585949363e-03
-1.774167543247902063e-03
4.465178975024743438e-03
-6.714743447710048302e-03
8.282764716154635345e-03
-8.989614954557145071e-03
8.739961685231962402e-03
-7.539187148010384476e-03
5.499605705816820213e-03
-2.834581740641529089e-03
-1.600665305691922544e-04
3.136431559166155941e-03
-5.734035213158582105e-03
7.624328664419042882e-03
-8.554792589444349532e-03
8.386635002932464958e-03
-7.120236887491043602e-03
4.903527218788576204e-03
-2.020364185727142620e-03
-1.141396403328920426e-03
4.139448095411831646e-03
-6.538486737512842935e-03
7.975341540285719316e-03
-8.218022493173248941e-03
7.208780324154271703e-03
-5.082760664452101382e-03
2.156936324555289684e-03
1.111580390504468639e-03
-4.193598834468753415e-03
6.572986844552246993e-03
-7.835563860607569833e-03
7.746332859603331095e-03
-6.300127895064919735e-03
3.734112491192848049e-03
-4.965372715621214428e-04
-2.826057913681692246e-03
5.612733600060631350e-03
-7.325493687714214330e-03
7.617993206864182888e-03
-6.413086888874883554e-03
3.930898563878954324e-03
-6.576456715416060649e-04
-2.742930815673703254e-03
5.561162386139901874e-03
-7.190961761081002095e-03
7.265815478903096987e-03
-5.749949582449413212e-03
2.960685959946093328e-03
4.882881472781675511e-04
-3.815421970845573902e-03
6.246560721903068533e-03
-7.198472015066305872e-03
6.426745674727535329e-03
-4.099163270546987876e-03
7.709668850769059618e-04
2.738621433263418309e-03
-5.543888701160933422e-03
6.917979545209282551e-03
-6.488731370366243936e-03
4.350787045000139956e-03
-1.058067987891300223e-03
-2.509310981299260872e-03
5.375082671731204291e-03
-6.735558565414822597e-03
6.193096103159045906e-03
-3.884740405042144597e-03
4.617912223338379424e-04
3.083109929246521420e-03
-5.699191398792327438e-03
6.592090973523196187e-03
-5.475131435536313013e-03
