1.000000000000000000e+00
9.923969807693715506e-01
9.794824807660604815e-01
9.613785288602003654e-01
9.382341242440990214e-01
9.102241640585062576e-01
8.775482409550041663e-01
8.404293183921455190e-01
7.991122920502656823e-01
7.538624462859454534e-01
7.049638150294865735e-01
6.527174569554102801e-01
5.974396551251084375e-01
5.394600516109334665e-01
4.791197278611095678e-01
4.167692417540999061e-01
3.527666324190487646e-01
2.874754039655361693e-01
2.212624992713760064e-01
1.544962749221193976e-01
8.754448828119243409e-02
2.077230749640111840e-02
-4.545964498161370049e-02
-1.107972050786739382e-01
-1.748945260221678455e-01
-2.374158739490600523e-01
-2.980373510710514484e-01
-3.564485377535265287e-01
-4.123540453895135904e-01
-4.654749725133927041e-01
-5.155502571981072091e-01
-5.623379194105272427e-01
-6.056161876586829695e-01
-6.451845049479513206e-01
-6.808644097670116802e-01
-7.125002885444521317e-01
-7.399599967492612729e-01
-7.631353465489539856e-01
-7.819424596836956898e-01
-7.963219849593886623e-01
-8.062391805032476100e-01
-8.116838616579379329e-01
-8.126702161109738975e-01
-8.092364885609832914e-01
-8.014445379079766507e-01
-7.893792706173744511e-01
-7.731479545438627587e-01
-7.528794181080005199e-01
-7.287231402928477930e-01
-7.008482374669534609e-01
-6.694423535412366011e-01
-6.347104604282769458e-01
-5.968735761911794224e-01
-5.561674086436467768e-01
-5.128409324915781387e-01
-4.671549083880695563e-01
-4.193803525070696203e-01
-3.697969654253331906e-01
-3.186915292371881314e-01
-2.663562819117882841e-01
-2.130872779378912008e-01
-1.591827442872067733e-01
-1.049414406644144371e-01
-5.066103290102681733e-02
3.363511807713456467e-03
5.684149932728569526e-02
1.094880444218460092e-01
1.610255600478647242e-01
2.111851924760864974e-01
2.597081949829961878e-01
3.063472332573827783e-01
3.508676161051771381e-01
3.930484455039348068e-01
4.326836805541700026e-01
4.695831103953947427e-01
5.035732316969683264e-01
5.344980268947084889e-01
5.622196399202895600e-01
5.866189467586027106e-01
6.075960187650782940e-01
6.250704772772027740e-01
6.389817386587433035e-01
6.492891495182607775e-01
6.559720124420410636e-01
6.590295031724513475e-01
6.584804807427435680e-01
6.543631926454984704e-01
6.467348776612489303e-01
6.356712695035412475e-01
6.212660049441111054e-01
6.036299405644188765e-01
5.828903827351307187e-01
5.591902358510625337e-01
5.326870742435640960e-01
5.035521435535202928e-01
4.719692976744097601e-01
4.381338776647840660e-01
4.022515392818929447e-01
3.645370360019706824e-01
3.252129645671397729e-01
2.845084802334102436e-01
2.426579889885381314e-01
1.998998240624088596e-01
1.564749140662474447e-01
1.126254500706468653e-01
6.859355886668397351e-02
2.461998954999629688e-02
-1.905717957443627333e-02
-6.220380694778125663e-02
-1.045909199680347401e-01
-1.459959070985839269e-01
-1.862036637971132003e-01
-2.250076864973720170e-01
-2.622111092146693356e-01
-2.976276777104118754e-01
-3.310826565394033305e-01
-3.624136647136274592e-01
-3.914714361453341951e-01
-4.181205014780151052e-01
-4.422397883736567392e-01
-4.637231377958589418e-01
-4.824797343083853107e-01
-4.984344488947093366e-01
-5.115280932934889169e-01
-5.217175853349599324e-01
-5.289760252512619720e-01
-5.332926834171354269e-01
-5.346729004536425744e-01
-5.331379010940527907e-01
-5.287245236653762559e-01
-5.214848674788654659e-01
-5.114858608458906497e-01
-4.988087528398076342e-01
-4.835485323077597375e-01
-4.658132779969058612e-01
-4.457234439956289651e-01
-4.234110850002575366e-01
-3.990190262002854538e-01
-3.726999828287745342e-01
-3.446156346484491872e-01
-3.149356608370048050e-01
-2.838367408966556149e-01
-2.515015273423272246e-01
-2.181175960197764829e-01
-1.838763799691315870e-01
-1.489720927807634820e-01
-1.136006473892986757e-01
-7.795857621819575478e-02
-4.224195852213816216e-02
-6.645360678280517151e-03
2.863920494914383441e-02
6.342329710214762717e-02
9.752303339548530625e-02
1.307600436824093992e-01
1.629623841820892205e-01
1.939654077913449959e-01
2.236125862858986402e-01
2.517562804194631854e-01
2.782584542507646752e-01
3.029913303671735170e-01
3.258379830269578781e-01
3.466928666082023658e-01
3.654622771290951810e-01
3.820647449893560532e-01
3.964313574739393164e-01
4.085060099556229729e-01
4.182455851304110461e-01
4.256200600168074666e-01
4.306125408446422331e-01
4.332192263492801731e-01
4.334493003705320868e-01
4.313247550304729616e-01
4.268801461286597654e-01
4.201622827450868236e-01
4.112298533788076305e-01
4.001529912718232995e-01
3.870127818719609203e-01
3.719007156736167108e-01
3.549180899399824729e-01
3.361753630535626591e-01
3.157914654622127615e-01
2.938930713847256460e-01
2.706138356121952637e-01
2.460935998884613285e-01
2.204775734741356574e-01
1.939154925938524621e-01
1.665607635349738713e-01
1.385695942081271170e-01
1.101001189954841086e-01
8.131152170197722406e-02
5.236316138779479462e-02
2.341370579820806902e-02
-5.379722980650387260e-03
-3.386238612296836592e-02
-6.188274453941924186e-02
-8.929325000377318078e-02
-1.159511068843519371e-01
-1.417190006337686603e-01
-1.664657894084713707e-01
-1.900671554251217865e-01
-2.124062129126076948e-01
-2.333740697846912737e-01
-2.528703404376348440e-01
-2.708036073677296263e-01
-2.870918296039906004e-01
-3.016626962594897710e-01
-3.144539238192744501e-01
-3.254134961016349470e-01
-3.344998461510467758e-01
-3.416819796434657497e-01
-3.469395397062045028e-01
-3.502628133735030125e-01
-3.516526802135037100e-01
-3.511205039709373588e-01
-3.486879683708333788e-01
-3.443868585204073463e-01
-3.382587896274729111e-01
-3.303548850228328337e-01
-3.207354057298116290e-01
-3.094693340651016311e-01
-2.966339139802882108e-01
-2.823141510616927752e-01
-2.666022752965827580e-01
-2.495971698854621279e-01
-2.314037695323812871e-01
-2.121324317772519119e-01
-1.918982850456511235e-01
-1.708205571819533808e-01
-1.490218883008006256e-01
-1.266276318394285727e-01
-1.037651477195324079e-01
-8.056309153187002359e-02
-5.715070364019163296e-02
-3.365710206335000010e-02
-1.021058293626640572e-02
1.306206772790875076e-02
3.603624734983426614e-02
5.859019166202691226e-02
8.060560777911215946e-02
1.019682822378138592e-01
1.225686609515365122e-01
1.423023982067508630e-01
1.610708720244340975e-01
1.787816634186011056e-01
1.953489973039509997e-01
2.106941430348614475e-01
2.247457727966887253e-01
2.374402763165437968e-01
2.487220306127031211e-01
2.585436237583964569e-01
2.668660318952583155e-01
2.736587489929516726e-01
2.788998691128424801e-01
2.825761211937231621e-01
2.846828566350912415e-01
2.852239902069591548e-01
2.842118950632968044e-01
2.816672528777015572e-01
2.776188603534766597e-01
2.721033935848200525e-01
2.651651319601294188e-01
2.568556435014587858e-01
2.472334337249346425e-01
2.363635602845265138e-01
2.243172158251314219e-01
2.111712816197591491e-01
1.970078546989552093e-01
1.819137512980107951e-01
1.659799895483610455e-01
1.493012544236543560e-01
1.319753480177745797e-01
1.141026282816803294e-01
9.578543937791988983e-02
7.712753682633759211e-02
5.823351061166968240e-02
3.920820940383035191e-02
2.015616900480795073e-02
1.181048082703337531e-03
-1.761492581601068613e-02
-3.613149706998416977e-02
-5.427090679618550018e-02
-7.193839898093373764e-02
-8.904270536466694919e-02
-1.054965066566697779e-01
-1.212168678082048562e-01
-1.361256452354238367e-01
-1.501498640563645737e-01
-1.632220635879285398e-01
-1.752806095382064833e-01
-1.862699715255171640e-01
-1.961409647571257242e-01
-2.048509549064947144e-01
-2.123640254370649794e-01
-2.186511068317230355e-01
-2.236900673991269461e-01
-2.274657655398210909e-01
-2.299700635653693648e-01
-2.312018033714752230e-01
-2.311667444701464569e-01
-2.298774650852944135e-01
-2.273532272097333606e-01
-2.236198067083484953e-01
-2.187092897312881701e-01
-2.126598368715181264e-01
-2.055154166621044887e-01
-1.973255101593804073e-01
-1.881447884980083085e-01
-1.780327654321729458e-01
-1.670534269932174576e-01
-1.552748404973657015e-01
-1.427687452274386815e-01
-1.296101271891565987e-01
-1.158767804056213269e-01
-1.016488572624964226e-01
-8.700841045129525941e-02
-7.203892907883527319e-02
-5.682487151750080512e-02
-4.145119756344391865e-02
-2.600290244850544941e-02
-1.056455521670163905e-02
4.780156072136780739e-03
1.994886991012125715e-02
3.486098535254788383e-02
4.943808223023962028e-02
6.360432541737202905e-02
7.728685111673080921e-02
9.041613324181406453e-02
1.029263281020526555e-01
1.147555957326642784e-01
1.258463963536476105e-01
1.361457605922224146e-01
1.456055322587500034e-01
1.541825826269832833e-01
1.618389953343553900e-01
1.685422211861748176e-01
1.742652023178667409e-01
1.789864653410951356e-01
1.826901832715348839e-01
1.853662062075027150e-01
1.870100608985286739e-01
1.876229195104359981e-01
1.872115380576685195e-01
1.857881651336206474e-01
1.833704217247548451e-01
1.799811530435368179e-01
1.756482534579275612e-01
1.704044657306488242e-01
1.642871559089879585e-01
1.573380653249514816e-01
1.496030412755194605e-01
1.411317480531086299e-01
1.319773600866718521e-01
1.221962390337125171e-01
1.118475967326149206e-01
1.009931459827526218e-01
8.969674116664953789e-02
7.802401076391374257e-02
6.604198383059438349e-02
5.381871253013849332e-02
4.142289280307798888e-02
2.892348525235049692e-02
1.638933829959392588e-02
3.888815635408669150e-03
-8.510570056563268246e-03
-2.074251517526963171e-02
-3.274227321447634176e-02
-4.444699092130882656e-02
-5.579603089264493360e-02
-6.673127899124453588e-02
-7.719743506167221769e-02
-8.714228553158279156e-02
-9.651695659608454381e-02
-1.052761468009937584e-01
-1.133783379642036293e-01
-1.207859835022808970e-01
-1.274656733612089254e-01
-1.333882748849394284e-01
-1.385290490925764340e-01
-1.428677419736013310e-01
-1.463886505499810697e-01
-1.490806635933827617e-01
-1.509372770243671003e-01
-1.519565841575703791e-01
-1.521412410917932501e-01
-1.514984076758885134e-01
-1.500396646096697206e-01
-1.477809073631192460e-01
-1.447422177162970836e-01
-1.409477138359613579e-01
-1.364253799124381938e-01
-1.312068764811947785e-01
-1.253273326474005911e-01
-1.188251215180686771e-01
-1.117416202247318163e-01
-1.041209559897252335e-01
-9.600973975067766952e-02
-8.745678891051940351e-02
-7.851284082401600861e-02
-6.923025866633510106e-02
-5.966273135444510878e-02
-4.986496920802771515e-02
-3.989239704327463693e-02
-2.980084639024877663e-02
-1.964624851277308598e-02
-9.484329888991510291e-03
6.296882187972739110e-04
1.064138451456459085e-02
2.049742519513987962e-02
3.014584276315830993e-02
3.953630469845279688e-02
4.862037062894734862e-02
5.735173671782554938e-02
6.568646606567808688e-02
7.358320401396703514e-02
8.100337732899906551e-02
8.791137634302528814e-02
9.427471923066016446e-02
1.000641977037474289e-01
1.052540035157058795e-01
1.098218352764473854e-01
1.137489851907262373e-01
1.170204054455060982e-01
1.196247540850663843e-01
1.215544203254690370e-01
1.228055293720585750e-01
1.233779269142957630e-01
1.232751435808019935e-01
1.225043397434902731e-01
1.210762311625006166e-01
1.190049960628287024e-01
1.163081643285301253e-01
1.130064895907240824e-01
1.091238050708670526e-01
1.046868641205078443e-01
9.972516647257714806e-02
9.427077128689062557e-02
8.835809813362391352e-02
8.202371711279445032e-02
7.530612935502807581e-02
6.824553918891269888e-02
6.088361929290890540e-02
5.326327017494687094e-02
4.542837534052512199e-02
3.742355352018081338e-02
2.929390932978418946e-02
2.108478373216315579e-02
1.284150565628104645e-02
4.609146110619037097e-03
-3.567723899171292186e-03
-1.164527037173650019e-02
-1.958062699408257348e-02
-2.733211831805027608e-02
-3.485947429142992327e-02
-4.212403506397095071e-02
-4.908894505188543533e-02
-5.571933531269834122e-02
-6.198249335496010259e-02
-6.784801958415472012e-02
-7.328796966641229482e-02
-7.827698217514253431e-02
-8.279239097172992612e-02
-8.681432185969081838e-02
-9.032577314152817616e-02
-9.331267979850477179e-02
-9.576396110518055338e-02
-9.767155158229079426e-02
-9.903041528292075291e-02
-9.983854349742321554e-02
-1.000969360516811707e-01
-9.980956646065475280e-02
-9.898333128420325200e-02
-9.762798411451785452e-02
-9.575605470370990302e-02
-9.338275381576792433e-02
-9.052586445886393052e-02
-8.720562022148493908e-02
-8.344457149878289903e-02
-7.926744045356490243e-02
-7.470096560922841189e-02
-6.977373701944167284e-02
-6.451602300125580669e-02
-5.895958945450436445e-02
-5.313751282053864183e-02
-4.708398775760990612e-02
-4.083413062830407170e-02
-3.442377990649778119e-02
-2.788929461715651190e-02
-2.126735192209740222e-02
-1.459474495859481788e-02
-7.908182025497969767e-03
-1.244088193528935030e-03
5.361589607277603142e-03
1.187357299918143962e-02
1.825743707801824947e-02
2.447978889427200253e-02
3.050843858827350513e-02
3.631256232260064026e-02
4.186285620763585680e-02
4.713168047300517888e-02
5.209319319783496660e-02
5.672347297617788553e-02
6.100062996008511623e-02
6.490490479134358726e-02
6.841875500339590632e-02
7.152692854706803327e-02
7.421652416698552857e-02
7.647703842959337195e-02
7.830039927809381850e-02
7.968098606394363737e-02
8.061563607844597634e-02
8.110363768100198323e-02
8.114671019238764438e-02
8.074897079160192614e-02
7.991688872302872559e-02
7.865922718652873513e-02
7.698697334627609135e-02
7.491325695437495158e-02
7.245325814222687566e-02
6.962410498600543618e-02
6.644476150215393451e-02
6.293590677435262348e-02
5.911980595466600347e-02
5.502017391842690258e-02
5.066203238464438152e-02
4.607156134126737246e-02
4.127594563731550037e-02
3.630321762170572730e-02
3.118209672144214156e-02
2.594182685973028812e-02
2.061201261747722460e-02
1.522245503963671510e-02
9.802987980971055240e-03
4.383315874112095681e-03
-1.007146213531543138e-03
-6.339429388383104047e-03
-1.158516378445464609e-02
-1.671672667137422477e-02
-2.170738505930857806e-02
-2.653143208064323577e-02
-3.116431646914403011e-02
-3.558276450138291719e-02
-3.976489381237353210e-02
-4.369031854716956542e-02
-4.734024536249579335e-02
-5.069755984687774469e-02
-5.374690298395295995e-02
-5.647473734136231743e-02
-5.886940272647524230e-02
-6.092116110991004085e-02
-6.262223067799087273e-02
-6.396680893564220260e-02
-6.495108484141814964e-02
-6.557324001605960295e-02
-6.583343912487150951e-02
-6.573380959198288354e-02
-6.527841086090739597e-02
-6.447319347045413207e-02
-6.332594826768447871e-02
-6.184624612998883275e-02
-6.004536861622857685e-02
-5.793623001201003014e-02
-5.553329127631591311e-02
-5.285246643570449404e-02
-4.991102200794739208e-02
-4.672747006909842848e-02
-4.332145560649937333e-02
-3.971363882493314512e-02
-3.592557309402527599e-02
-3.197957924190143741e-02
-2.789861691305080965e-02
-2.370615371725986673e-02
-1.942603290135488936e-02
-1.508234027636217583e-02
-1.069927112955853903e-02
-6.300997843843740565e-03
-1.911538935963877318e-03
2.445369789555383935e-03
6.746401292188995182e-03
1.096875989614158782e-02
1.509029980840050078e-02
1.908963895083932300e-02
2.294626753440599104e-02
2.664065083758059352e-02
3.015432568798415841e-02
3.346999018510466578e-02
3.657158624329610863e-02
3.944437457729862984e-02
4.207500179722736822e-02
4.445155932605791144e-02
4.656363389983072393e-02
4.840234945881253387e-02
4.996040028645793579e-02
5.123207530190797276e-02
5.221327346069766506e-02
5.290151026704705689e-02
5.329591544930616098e-02
5.339722189759020521e-02
5.320774600908446256e-02
5.273135963171278473e-02
5.197345384059147422e-02
5.094089482372531064e-02
4.964197219352042140e-02
4.808634007870030841e-02
4.628495138692369226e-02
4.424998566165277980e-02
4.199477098743695236e-02
3.953370042564419845e-02
3.688214348763310668e-02
3.405635317434082404e-02
3.107336913014444382e-02
2.795091747459150372e-02
2.470730788810384521e-02
2.136132853703584175e-02
1.793213942946999748e-02
1.443916479585800883e-02
1.090198508810829268e-02
7.340229186978612479e-03
3.773467400740278168e-03
2.211058280829993115e-04
-3.297717354787046019e-03
-6.764233138797666640e-03
-1.016013993309838014e-02
-1.346769831862677097e-02
-1.666982182413475830e-02
-1.975016327090617363e-02
-2.269319626090707254e-02
-2.548429141361632441e-02
-2.810978698914167601e-02
-3.055705356924263635e-02
-3.281455250333323304e-02
-3.487188786325003814e-02
-3.671985168829643154e-02
-3.835046234062693821e-02
-3.975699583019082911e-02
-4.093401000797844413e-02
-4.187736156601409160e-02
-4.258421582217488538e-02
-4.305304930729255547e-02
-4.328364521088051697e-02
-4.327708178004016637e-02
-4.303571380341596198e-02
-4.256314734830879409e-02
-4.186420795402843315e-02
-4.094490251809471126e-02
-3.981237514380980835e-02
-3.847485724787525624e-02
-3.694161225495164180e-02
-3.522287523224688910e-02
-3.332978784121741478e-02
-3.127432900520470127e-02
-2.906924171117100317e-02
-2.672795638059213136e-02
-2.426451125893195476e-02
-2.169347028490686141e-02
-1.902983890991640295e-02
-1.628897834454007265e-02
-1.348651871287609265e-02
-1.063827159672076604e-02
-7.760142450184794212e-03
-4.868043361348535145e-03
-1.977806631013639699e-03
8.949003704205296585e-04
3.734658618385969676e-03
6.526378686056303995e-03
9.255379412944615344e-03
1.190746358850664106e-02
1.446899026919692965e-02
1.692694336942683273e-02
1.926899619061357705e-02
2.148357157783606017e-02
2.355989742038139614e-02
2.548805724050104415e-02
2.725903564386602390e-02
2.886475843530091415e-02
3.029812723425249002e-02
3.155304845591947599e-02
3.262445655585859139e-02
3.350833146801202034e-02
3.420171019830144793e-02
3.470269256802151897e-02
3.501044113307176520e-02
3.512517533641885958e-02
3.504815998191786880e-02
3.478168814757722632e-02
3.432905868537474564e-02
3.369454848267309371e-02
3.288337968700176528e-02
3.190168212133003001e-02
3.075645114084163065e-02
2.945550120450210821e-02
2.800741545529487897e-02
2.642149162178999283e-02
2.470768457061677664e-02
2.287654585436376536e-02
2.093916061236671816e-02
1.890708219271369436e-02
1.679226487256908415e-02
1.460699506054040711e-02
1.236382136930549470e-02
1.007548394905077860e-02
7.754843472462304502e-03
5.414810160080858227e-03
3.068273230814350105e-03
7.280311563273725653e-04
-1.593276910036717665e-03
-3.883238169146506491e-03
-6.129731327986488038e-03
-8.320989532413426704e-03
-1.044566076092501294e-02
-1.249286537650633883e-02
-1.445225055200280093e-02
-1.631404130422818566e-02
-1.806908789299802379e-02
-1.970890936339891528e-02
-2.122573303270068601e-02
-2.261252974727016168e-02
-2.386304475950811257e-02
-2.497182410006867914e-02
-2.593423634628753624e-02
-2.674648971370401779e-02
-2.740564442364851194e-02
-2.790962032597505554e-02
-2.825719978196815016e-02
-2.844802583812826996e-02
-2.848259574679717909e-02
-2.836224991429076719e-02
-2.808915638123299363e-02
-2.766629096300736446e-02
-2.709741320054583763e-02
-2.638703829294245309e-02
-2.554040520350938856e-02
-2.456344114978701448e-02
-2.346272270558492565e-02
-2.224543375928713165e-02
-2.091932058732787203e-02
-1.949264431487115340e-02
-1.797413104724078850e-02
-1.637291996552336232e-02
-1.469850968794097004e-02
-1.296070320505485381e-02
-1.116955170158717876e-02
-9.335297580633438244e-03
-7.468317007278476791e-03
-5.579062288138724769e-03
-3.678004401139455763e-03
-1.775575985964442625e-03
1.178848999378062943e-04
1.992189962034668620e-03
3.837354497003940892e-03
5.643649589735306310e-03
7.401652411714031675e-03
9.102294366379097557e-03
1.073690684122263241e-02
1.229726434172842033e-02
1.377562479866595302e-02
1.516476685762743574e-02
1.645802397794427635e-02
1.764931518712667749e-02
1.873317235662515928e-02
1.970476388490257844e-02
2.055991469441970088e-02
2.129512247005481071e-02
2.190757008758509664e-02
2.239513420203564573e-02
2.275638998683937944e-02
2.299061203572924650e-02
2.309777145999191567e-02
2.307852923404185227e-02
2.293422586211796288e-02
2.266686745815754342e-02
2.227910834946894916e-02
2.177423033260818264e-02
2.115611872677736552e-02
2.042923538602230138e-02
1.959858884643451635e-02
1.866970179838817537e-02
1.764857608650149956e-02
1.654165545144615362e-02
1.535578623789337314e-02
1.409817630172456419e-02
1.277635235713138299e-02
1.139811601034303873e-02
9.971498731432971996e-03
8.504716018960785037e-03
7.006121014096542213e-03
5.484157821350657547e-03
3.947314792111591975e-03
2.404078024888792013e-03
8.628853325015310586e-04
-6.679190785289394272e-04
-2.180128977390022142e-03
-3.665719295695679756e-03
-5.116887908696485764e-03
-6.526095797980465546e-03
-7.886105393521008339e-03
-9.190016904791830504e-03
-1.043130246344120202e-02
-1.160383791363128227e-02
-1.270193210051619344e-02
-1.372035352237288564e-02
-1.465435422752121505e-02
-1.549969085328937492e-02
-1.625264272078618191e-02
-1.691002691607353114e-02
-1.746921030536080846e-02
-1.792811844899554544e-02
-1.828524139619952874e-02
-1.853963635960525005e-02
-1.869092728559002686e-02
-1.873930135309530634e-02
-1.868550244996826024e-02
-1.853082169178742883e-02
-1.827708506354853643e-02
-1.792663827941577345e-02
-1.748232896991052526e-02
-1.694748631934401423e-02
-1.632589828893711917e-02
-1.562178657285017737e-02
-1.483977944520646977e-02
-1.398488266609674430e-02
-1.306244862344097674e-02
-1.207814389542903426e-02
-1.103791542502647292e-02
-9.947955503692344423e-03
-8.814665765990492563e-03
-7.644620400172458079e-03
-6.444528782054128636e-03
-5.221197740621341503e-03
-3.981493663749583085e-03
-2.732304651257955186e-03
-1.480502920233620068e-03
-2.329076641900746009e-04
1.003751436812553135e-03
2.222869863416744064e-03
3.418002876366883856e-03
4.582898930223677780e-03
5.711531711848591951e-03
6.798130643228888007e-03
7.837209698118510412e-03
8.823594392593872918e-03
9.752446820901941593e-03
1.061928861984283781e-02
1.142002175731428835e-02
1.215094705347395838e-02
1.280878035617647251e-02
1.339066630583755392e-02
1.389418963859547808e-02
1.431738399049954993e-02
1.465873817938150026e-02
1.491719995498256950e-02
1.509217722174316552e-02
1.518353675233225300e-02
1.519160042343678345e-02
1.511713901846955220e-02
1.496136365462175967e-02
1.472591490401764340e-02
1.441284969056111885e-02
1.402462605533783338e-02
1.356408589409559100e-02
1.303443578031866952e-02
1.243922599669321054e-02
1.178232790628060481e-02
1.106790980244400958e-02
1.030041138346913035e-02
9.484517003856706222e-03
8.625127859416896817e-03
7.727333267546558117e-03
6.796381207401705829e-03
5.837648287084180182e-03
4.856609306435950846e-03
3.858806584581995006e-03
2.849819220984111182e-03
1.835232457478443808e-03
8.206073065851320633e-04
-1.885493916842806992e-04
-1.186814326207363867e-03
-2.168876330737645741e-03
-3.129564111437603980e-03
-4.063872944163199503e-03
-4.966990206689687187e-03
-5.834319618704203458e-03
-6.661504070647769268e-03
-7.444446931314298646e-03
-8.179331733445082200e-03
-8.862640146340238292e-03
-9.491168154704668694e-03
-1.006204037346217564e-02
-1.057272243907922404e-02
-1.102103142895968432e-02
-1.140514427164535452e-02
-1.172360412182878522e-02
-1.197532468548259156e-02
-1.215959249167601099e-02
-1.227606711883116007e-02
-1.232477939419307847e-02
-1.230612759610504384e-02
-1.222087169923088967e-02
-1.207012571309336313e-02
-1.185534817415356129e-02
-1.157833086108831649e-02
-1.124118581188375196e-02
-1.084633072981129598e-02
-1.039647287324361666e-02
-9.894591531569549986e-03
-9.343919196138035510e-03
-8.747921541179710936e-03
-8.110276334989702240e-03
-7.434851406282481749e-03
-6.725681794535673212e-03
-5.986946216313468808e-03
-5.222942981973938310e-03
-4.438065498839672413e-03
-3.636777497821609348e-03
-2.823588120646973020e-03
-2.003027004260515224e-03
-1.179619497644049690e-03
-3.578621442589272560e-04
4.578014394224097852e-04
1.263004162264855929e-03
2.053478410741851629e-03
2.825078236881987948e-03
3.573800668952198129e-03
4.295806037798877847e-03
4.987437218160765441e-03
5.645237691139427805e-03
6.265968341328564603e-03
6.846622909816069830e-03
7.384442032338864835e-03
7.876925800238094438e-03
8.321844790492907359e-03
8.717249519941501143e-03
9.061478287789085512e-03
9.353163379604571143e-03
9.591235615156458796e-03
9.774927231602854177e-03
9.903773102667422570e-03
9.977610303456074109e-03
9.996576039454476217e-03
9.961103966942472937e-03
9.871918940524989847e-03
9.730030231666367269e-03
9.536723269983541154e-03
9.293549966564975534e-03
9.002317685697624680e-03
8.665076938070439758e-03
8.284107874747802594e-03
7.861905666937637691e-03
7.401164861795960122e-03
6.904762809183422577e-03
6.375742258403463772e-03
5.817293227487974928e-03
5.232734250541303152e-03
4.625493110996295107e-03
3.999087170373655416e-03
3.357103403255771827e-03
2.703178249700726333e-03
2.040977396226464208e-03
1.374175595790063601e-03
7.064366359031327329e-04
4.139356214894153376e-05
-6.173707380691402079e-04
-1.266342489695015819e-03
-1.902095423756354139e-03
-2.521308516326844443e-03
-3.120782982843663990e-03
-3.697458442836408423e-03
-4.248428175448936903e-03
-4.770953391852940373e-03
-5.262476456710596731e-03
-5.720632997208431082e-03
-6.143262844823086516e-03
-6.528419761853579070e-03
-6.874379911815446838e-03
-7.179649040011461779e-03
-7.442968337922336274e-03
-7.663318972461662104e-03
-7.839925268570573091e-03
-7.972256541049056733e-03
-8.060027578890877065e-03
-8.103197792671377672e-03
-8.101969042688820025e-03
-8.056782172547134746e-03
-7.968312279652063623e-03
-7.837462760639755943e-03
-7.665358176033819186e-03
-7.453335984401530945e-03
-7.202937201923944981e-03
-6.915896048579573026e-03
-6.594128647042270773e-03
-6.239720844890029282e-03
-5.854915234785930747e-03
-5.442097450918461331e-03
-5.003781823148934112e-03
-4.542596473002360677e-03
-4.061267937845840399e-03
-3.562605411315169796e-03
-3.049484689269406617e-03
-2.524831911281066616e-03
-1.991607187897309530e-03
-1.452788203645654589e-03
-9.113538850093849501e-04
-3.702682213728302092e-04
1.675356747547458800e-04
6.991711840683578370e-04
1.221813391763378661e-03
1.732713815204634791e-03
2.229214572770053370e-03
2.708761922437788114e-03
3.168919102805443054e-03
3.607378413672074954e-03
4.021972478058696322e-03
4.410684632550493540e-03
4.771658398096086280e-03
5.103205988856992364e-03
5.403815822335797728e-03
5.672158999791335719e-03
5.907094731840821338e-03
6.107674690117870404e-03
6.273146271872666151e-03
6.402954770426630242e-03
6.496744450401738952e-03
6.554358532599825933e-03
6.575838099276258737e-03
6.561419936306070629e-03
