1.000000000000000000e+00
9.950968834726577894e-01
9.901950812612491104e-01
9.852366594911153852e-01
9.801262611398462443e-01
9.747320921691636775e-01
9.688869755240893111e-01
9.623895312507377842e-01
9.550055557112362425e-01
9.464696865229104139e-01
9.364874521686664677e-01
9.247378158617003407e-01
9.108763317291214134e-01
8.945390371099046778e-01
8.753472070187551246e-01
8.529130947595522372e-01
8.268467753158663669e-01
7.967641944430968737e-01
7.622965052164493160e-01
7.231007440144721077e-01
6.788718584482382745e-01
6.293560496156367368e-01
5.743653295259236735e-01
5.137931211991212388e-01
4.476306438705844326e-01
3.759837296212978908e-01
2.990896120946099912e-01
2.173331151882740009e-01
1.312615532773776794e-01
4.159753943279618366e-02
-5.075120958617363592e-02
-1.446860754950543559e-01
-2.389168205098387010e-01
-3.319670565770865833e-01
-4.221869984402019105e-01
-5.077745293269982918e-01
-5.868054712706741727e-01
-6.572737353637160274e-01
-7.171417213289167369e-01
-7.644009343213513663e-01
-7.971422877299457754e-01
-8.136349674717520131e-01
-8.124120565393069260e-01
-7.923603775626707479e-01
-7.528112347668984849e-01
-6.936279643112748250e-01
-6.152854836559514817e-01
-5.189364265086008343e-01
-4.064580288095833716e-01
-2.804737676699361471e-01
-1.443439254405655403e-01
-2.119827630505544385e-03
1.415424519829877603e-01
2.815115698973516545e-01
4.123541434056586796e-01
5.285497133909958789e-01
6.247423926820355744e-01
6.960208062493317138e-01
7.382144383785244068e-01
7.481910999317046285e-01
7.241372018150198375e-01
6.658001962717219335e-01
5.746712762782444361e-01
4.540865530631687519e-01
3.092267746215743851e-01
1.469994410740182167e-01
-2.420696488969285853e-02
-1.948990236687025424e-01
-3.549774129478753260e-01
-4.943406428446733281e-01
-6.035635887676004119e-01
-6.746096212950752902e-01
-7.015252767467717865e-01
-6.810592418526141278e-01
-6.131442022261087699e-01
-5.011819741130398853e-01
-3.520801804508045807e-01
-1.760029912626578930e-01
1.418101889909699487e-02
2.037448978926130194e-01
3.772045210935969228e-01
5.196052374778253879e-01
6.178949882076983924e-01
6.622610902889741746e-01
6.472931638728253168e-01
5.728325345888182207e-01
4.443815121523823630e-01
2.729755717755423250e-01
7.446719981341518024e-02
-1.317705652983963971e-01
-3.246449001112953203e-01
-4.835025656219161250e-01
-5.904393025759374636e-01
-6.325040174724034792e-01
-6.035210970463095181e-01
-5.052652924732413675e-01
-3.477714023139163446e-01
-1.486451868571979917e-01
6.864301421757237898e-02
2.773657702741000874e-01
4.507927410367340570e-01
5.657151210312948431e-01
6.057789640049338065e-01
5.641370160061005556e-01
4.449691553958146639e-01
2.635362582061226977e-01
4.461486131931971522e-02
-1.806083438621423065e-01
-3.788525988697937219e-01
-5.197093535572753220e-01
-5.805291602978758236e-01
-5.504303091798958825e-01
-4.326878778941328774e-01
-2.449549875338845328e-01
-1.708217438103619770e-02
2.133034219930271813e-01
4.068809411847895685e-01
5.294404288974200457e-01
5.582372045135389760e-01
4.866857258514518114e-01
3.263723219709451784e-01
1.057775751020878230e-01
-1.343198972867781782e-01
-3.481312858457630832e-01
-4.936059579155043231e-01
-5.409895878690829107e-01
-4.794196104920249724e-01
-3.200271080723218753e-01
-9.461340172272424132e-02
1.501603019909740766e-01
3.621516827983218278e-01
4.948849245492216720e-01
5.181014538606558695e-01
4.252684087097275412e-01
2.360851293173558407e-01
-6.968616491914134820e-03
-2.476594283109987138e-01
-4.288333926970099852e-01
-5.061964587924805414e-01
-4.596988640255004754e-01
-2.994978450114930135e-01
-6.460251243799443321e-02
1.859573525491649282e-01
3.876449296966440472e-01
4.871561722454474386e-01
4.570439415883315593e-01
3.041082036654242371e-01
6.882684802623043052e-02
-1.846038202393027461e-01
-3.854159175055894004e-01
-4.761586328901205034e-01
-4.297356568940687849e-01
-2.584050138988068235e-01
-1.155686565973435519e-02
2.377634486831709526e-01
4.141750103683012330e-01
4.630228770546214734e-01
3.680787836729503826e-01
1.579553042088972514e-01
-1.014985326676424715e-01
-3.271896928606147226e-01
-4.453340681007157409e-01
-4.161383166235340658e-01
-2.482096992576408867e-01
2.796671990240434929e-03
2.517294014661877743e-01
4.125032929152734340e-01
4.282390240150726890e-01
2.923370479796720822e-01
5.239414047868769242e-02
-2.054071618229766916e-01
-3.867511202504921863e-01
-4.239429268334614642e-01
-3.021044159080453761e-01
-6.637817783437854890e-02
1.936384426692639993e-01
3.773643776604263533e-01
4.123701917038580800e-01
2.839005992140705148e-01
4.241866199365042223e-02
-2.150136844454562102e-01
-3.831916909045602337e-01
-3.920893715613766317e-01
-2.371130151879463910e-01
1.718523250465942009e-02
2.628260217231788154e-01
3.938545016856572767e-01
3.526025929902608103e-01
1.563626973870643200e-01
-1.083641239679904722e-01
-3.229850265929288811e-01
-3.898669678004694217e-01
-2.776645457424830044e-01
-3.751062012169106841e-02
2.188637253948745587e-01
3.704489373865310076e-01
3.444959912926413570e-01
1.527570994122577908e-01
-1.121998198753668130e-01
-3.205562390037835496e-01
-3.687795890566941126e-01
-2.321091280888724351e-01
2.108547899857867586e-02
2.620595038591330694e-01
3.666633047289701852e-01
2.800334693234805550e-01
4.696342955941189279e-02
-2.096071043715564963e-01
-3.526155914476424291e-01
-3.045507468929604666e-01
-9.097448743489844336e-02
1.712979057661658533e-01
3.370309066777493201e-01
3.132445663408417458e-01
1.128206333752474200e-01
-1.506179980038077348e-01
-3.259175785166600336e-01
-3.112605693140709784e-01
-1.147275267056064169e-01
1.482412708014177460e-01
3.213874957922030484e-01
3.006174350559371322e-01
9.805633652307636783e-02
-1.630730419682902277e-01
-3.221676510215479849e-01
-2.802598273814999597e-01
-6.317769276633693198e-02
1.923925748352061649e-01
3.238540402455125089e-01
2.466112926372555636e-01
1.028216249845844039e-02
-2.312162759332535567e-01
-3.190443397416924953e-01
-1.947219971559993601e-01
5.895878215874487266e-02
2.712298316878075100e-01
2.978378502966306240e-01
1.203205115132938846e-01
-1.390580235504510487e-01
-2.999602310818493822e-01
-2.494631257853062722e-01
-2.302358595868270533e-02
2.182804259789527801e-01
3.012879585474579902e-01
1.658264364480392661e-01
-8.956469538103511985e-02
-2.774305054281362981e-01
-2.587112310922881631e-01
-4.722736192157461765e-02
1.982717668116607546e-01
2.920014519004072162e-01
1.624185368212880121e-01
-9.103106972770859395e-02
-2.722567683933849181e-01
-2.399550000866509103e-01
-1.943503818707902064e-02
2.149017796142961845e-01
2.763369608276195488e-01
1.155452714117668062e-01
-1.375071604784078583e-01
-2.767931524290985768e-01
-1.881055003888910671e-01
5.529246336678236146e-02
2.509499118484886382e-01
2.350064100387876109e-01
2.096295661596658116e-02
-2.093305161206588660e-01
-2.589166155067294528e-01
-8.516792941538685324e-02
1.611590858700581164e-01
2.649750072047476479e-01
1.351039850909772910e-01
-1.133786112797153661e-01
-2.590008176437491039e-01
-1.712116907896775453e-01
7.053852358062605299e-02
2.463607078845588827e-01
1.954120705437565608e-01
-3.517237756041283886e-02
-2.314102144809733475e-01
-2.101732275987213405e-01
8.363117150073639053e-03
2.173384173952362663e-01
2.178734046007896885e-01
9.698693878559028897e-03
-2.062409902665616745e-01
-2.204240158034307950e-01
-1.926419736454369758e-02
1.992831716196313829e-01
2.190839235828880571e-01
2.071965494457424922e-02
-1.968607770474858909e-01
-2.143986014811148366e-01
-1.442594481222281115e-02
1.987092591559929122e-01
2.062176059895723945e-01
6.929083457636317023e-04
-2.039438992845258036e-01
-1.937696030641617162e-01
2.012455633762205015e-02
2.110403808918697999e-01
1.757993867309148028e-01
-4.742158266032320268e-02
-2.177882559578149246e-01
-1.507914365752963115e-01
8.004832380047310902e-02
2.212733192399445326e-01
1.173148728435708110e-01
-1.159617373315325189e-01
-2.179684522751403619e-01
-7.451848548260202321e-02
1.518953976884570845e-01
2.040302389523967197e-01
2.277302490806341895e-02
-1.831675006596651945e-01
-1.758973056362514165e-01
3.560727781607324338e-02
2.037995101564658573e-01
1.312453487188104118e-01
-9.573273591278731731e-02
-2.071477887729045175e-01
-7.025003244037912598e-02
1.498856915176761950e-01
1.872159188605503066e-01
-3.071106560190476568e-03
-1.880348224121040079e-01
-1.406647599682891714e-01
7.990538745523015352e-02
1.994974781031787214e-01
6.923286290897109896e-02
-1.467706084869338790e-01
-1.759168948142253719e-01
1.815923418557818456e-02
1.874672962416672195e-01
1.152141040758688645e-01
-1.047905703244790265e-01
-1.872945715355913698e-01
-2.539668333365301817e-02
1.683477342935667254e-01
1.391200556655703413e-01
-7.370490473837017220e-02
-1.868179812741646295e-01
-4.955152336856170209e-02
1.530344505434659552e-01
1.474919122821242434e-01
-5.792923744360316263e-02
-1.826680251626913165e-01
-5.623051928307550018e-02
1.464920297343341726e-01
1.448864460046584424e-01
-5.805811831620959901e-02
-1.781621800567457781e-01
-4.717903710685886209e-02
1.492058671714054652e-01
1.324206900882614335e-01
-7.280479598822496567e-02
-1.720517249472971189e-01
-2.302646002791641430e-02
1.579646987099037614e-01
1.080331744716023501e-01
-9.905315096186932677e-02
-1.591363433567667407e-01
1.566036739085139087e-02
1.657434734855386393e-01
6.811293736872833793e-02
-1.303816486141623487e-01
-1.314786146467239458e-01
6.563563559997331875e-02
1.615935980057416066e-01
1.083829584252415414e-02
-1.551378925935862074e-01
-8.142188899542382452e-02
1.172259009963400878e-01
1.324521830363143693e-01
-5.862250627172867906e-02
-1.563203107741220343e-01
-7.624674509410855200e-03
1.517589388417885099e-01
6.921591942193995595e-02
-1.227526203318936304e-01
-1.167288859537423951e-01
7.668716596489445758e-02
1.446574776086342051e-01
-2.233105773968015531e-02
-1.514643927404785984e-01
-3.190798482032430189e-02
1.389233928267249174e-01
7.920447457014731518e-02
-1.110812573190319563e-01
-1.149492827120968258e-01
7.313618057203917500e-02
1.368631839636021696e-01
-3.044806176169734604e-02
-1.447294537352970256e-01
-1.219850221362775086e-02
1.399057059128138436e-01
5.104154433631670484e-02
-1.247588475076299441e-01
-8.352301629725347731e-02
1.021308845767629342e-01
1.082623199654115798e-01
-7.490164019083694891e-02
-1.248925287017993296e-01
4.567692646689108099e-02
1.338258800435725426e-01
-1.660236158487526578e-02
-1.360020850957624761e-01
-1.071486504684750901e-02
1.326565515140739893e-01
3.520251134843328106e-02
-1.251297772953519627e-01
-5.626579105552127064e-02
1.147262136717509678e-01
7.370054424888876354e-02
-1.026216726400271256e-01
-8.759644575902265917e-02
8.981276089989460865e-02
9.824374968612865910e-02
-7.709921837350856844e-02
-1.060516833610646165e-01
6.508959089054215663e-02
1.114822637411950479e-01
-5.422156226073735624e-02
-1.150001809125796720e-01
4.478984247820856635e-02
1.170374012315732459e-01
-3.697627192457741269e-02
-1.179700858400770380e-01
3.087844914715388855e-02
1.181050583273265259e-01
-2.653456078930720510e-02
-1.176731612755877732e-01
2.394313156448196755e-02
1.168272290650324979e-01
-2.307713408557271820e-02
-1.156429365109526430e-01
2.389235674733568987e-02
1.141213685084174340e-01
-2.633019505417834999e-02
-1.121927402630568255e-01
3.031518528350794772e-02
1.097212508648431339e-01
-3.574771431436938457e-02
-1.065115571264074884e-01
4.249248458954475727e-02
1.023177926682503347e-01
-5.036354811765667017e-02
-9.685640272707032872e-02
5.910709500827263096e-02
8.982427424182753972e-02
-6.838371833867480654e-02
-8.092364721539052619e-02
7.775257789621947691e-02
6.989500816118474069e-02
-8.666070855348517732e-02
-5.655848433965028621e-02
9.444156496212938179e-02
4.086307310531495096e-02
-1.003275894492482861e-01
-2.294127738405339970e-02
1.034818769099662972e-01
3.164371277029781951e-03
-1.030535507032826065e-01
1.780928754723104523e-02
9.825986540493374111e-02
-3.900343458728639662e-02
-8.849493456251797396e-02
5.912363454234036142e-02
7.346008321601003865e-02
-7.660192377806067376e-02
-5.330416257962999199e-02
8.969964720891411558e-02
2.875422569968572387e-02
-9.667720020724006325e-02
-1.208899876837355369e-03
9.603027694861769603e-02
-2.723945338620485310e-02
-8.677816127842513660e-02
5.388942993612622079e-02
6.877127870335263127e-02
-7.565184048163249575e-02
-4.296504666878204343e-02
8.942078049561473507e-02
1.158946962284363065e-02
-9.257921467686505701e-02
2.186462089341447562e-02
8.358440024648208788e-02
-5.291366426354594116e-02
-6.253369928803555189e-02
7.664307893917149395e-02
3.157165236376199835e-02
-8.854319206420602217e-02
5.020311447542050685e-03
8.551812864832833427e-02
-4.119235715621593491e-02
-6.687527481012263408e-02
7.002463699758182392e-02
3.502788429630285250e-02
-8.510325187322188845e-02
4.381648158960648604e-03
8.215700759339410186e-02
-4.317107405906811524e-02
-6.057137421064299337e-02
7.218888584322200042e-02
2.428659981095980525e-02
-8.357434002504995907e-02
1.839604690301522086e-02
7.321104813804654721e-02
-5.637840384659667525e-02
-4.262948052629892542e-02
7.859403305555290320e-02
-4.538899632199951562e-04
-7.749524310274891192e-02
4.354876394333356826e-02
5.213448542149729664e-02
-7.279132009292163530e-02
-9.577375925929849237e-03
7.759019601935175647e-02
-3.635386502379670676e-02
-5.502251256986565725e-02
6.921022229001447257e-02
1.211849003492420675e-02
-7.594228949047965305e-02
3.547060526895585986e-02
5.270071523791090146e-02
-6.873264952773330827e-02
-7.763132234395056161e-03
7.303787434925664013e-02
-4.045170736965107011e-02
-4.530000636134978026e-02
7.046948805150217432e-02
-3.071557848211873068e-03
-6.758030490232078136e-02
4.985746765411857434e-02
3.195077283279568192e-02
-7.186823011078026513e-02
1.964789560001881097e-02
5.692454745527263799e-02
-6.077927946985549335e-02
-1.172881934909768449e-02
6.877461007825418082e-02
-3.974134443022869084e-02
-3.807048285062262366e-02
6.821954901907191504e-02
-1.464485563912312945e-02
-5.612775514288644713e-02
5.824193048161930425e-02
9.696029514958822218e-03
-6.526977482816440079e-02
4.259772881795036853e-02
3.019019576915706743e-02
-6.664724428668200584e-02
2.475287682910489589e-02
4.544624403982425176e-02
-6.229539522902478865e-02
7.329800043475665806e-03
5.538508199472221699e-02
-5.442615272449475433e-02
-8.031439510642215604e-03
6.074564588953890176e-02
-4.498951637128381642e-02
-2.055402189806028457e-02
6.264381829801639323e-02
-3.547800348159786676e-02
-3.009110623364068260e-02
6.225337671151333352e-02
-2.690269752807829609e-02
-3.687827577805182638e-02
6.061527350235724337e-02
-1.986531218654675676e-02
-4.132517838185489900e-02
5.854941815231791413e-02
-1.466671490146615603e-02
-4.386478154370139493e-02
5.663349871717057032e-02
-1.141344227348459021e-02
-4.485791905942535657e-02
5.521660533428101453e-02
-1.010178631284123184e-02
-4.454200367406367655e-02
5.444396994895516623e-02
-1.067129197053319142e-02
-4.301190203992575484e-02
5.427854703686723487e-02
-1.302636696060759970e-02
-4.022436166840132749e-02
5.451354340396313836e-02
-1.702793336498238316e-02
-3.602238276942842932e-02
5.477709846063171656e-02
-2.245876603748472866e-02
-3.018072303546710800e-02
5.453654402861938394e-02
-2.896834117074180426e-02
-2.247688126945796352e-02
5.311536537397237856e-02
-3.600723805821932216e-02
-1.279194098635270949e-02
4.974073495167795345e-02
-4.276827735858838853e-02
-1.240829348885514379e-03
4.364163174218894936e-02
-4.816126694319562696e-02
1.167985159218479924e-02
3.421390298876444969e-02
-5.085799154669368161e-02
2.495693274225769046e-02
2.125479492835058437e-02
-4.944846966862575383e-02
3.699304578982601927e-02
5.241399985034599779e-03
-4.273982811236672757e-02
4.568220856589801093e-02
-1.241545337178314758e-02
-3.019510017436677698e-02
4.870972534350346411e-02
-2.926037313462127518e-02
-1.244375983486354677e-02
4.412573160765866087e-02
-4.198019819588099527e-02
8.296148312109384929e-03
3.115330660356306625e-02
-4.702923530133344687e-02
2.813474357290386002e-02
1.104301787919103293e-02
-4.172813602662361204e-02
4.204701030925378502e-02
-1.239058867617730784e-02
-2.565005000113184871e-02
4.520253333566017634e-02
-3.302991679203826081e-02
-1.803872735491832786e-03
3.495256974917131804e-02
-4.390812191238360057e-02
2.313134167543107536e-02
1.285375314445894208e-02
-3.984056005887619961e-02
4.024717201744056755e-02
-1.436668084104707893e-02
-2.048116829175168976e-02
4.171719910685966343e-02
-3.609848203276390388e-02
7.746828088804577281e-03
2.508584155742528063e-02
-4.190074200565063051e-02
3.268041537402920776e-02
-3.618964193602247203e-03
-2.724957559857188807e-02
4.134537188188276702e-02
-3.063912916708663031e-02
1.991954142159035185e-03
2.743848163187443540e-02
-4.056124860264305465e-02
3.018883148404197941e-02
-2.752248492191862028e-03
-2.586991624321264421e-02
3.962458987371355462e-02
-3.121019183273572584e-02
5.750051796034338220e-03
2.249784843668840850e-02
-3.821563918117940051e-02
3.327545591131435970e-02
-1.076475452963491022e-02
-1.709162337433308559e-02
3.567381565709390467e-02
-3.561308496278445951e-02
1.736863276208143111e-02
9.409501329322059876e-03
-3.110359563237123301e-02
3.706273279456641367e-02
-2.472352797463040971e-02
5.216672394570069215e-04
2.359455488706837731e-02
-3.611149621362020473e-02
3.138464472802522665e-02
-1.203568744466674938e-02
-1.261843991106015306e-02
3.113647931792346349e-02
-3.525192554996833816e-02
2.346008679925376539e-02
-1.394769522813033881e-03
-2.097135221570301661e-02
3.387549111369804467e-02
-3.197808671503483968e-02
1.645229687521152298e-02
5.803110891190878251e-03
-2.531194364959350740e-02
3.406714761715209927e-02
-2.875065138835517647e-02
1.186786230584272427e-02
9.524374336999239660e-03
-2.683073011948235859e-02
3.336710415698760507e-02
-2.687119762586157729e-02
1.016699244905281720e-02
1.014693654397662466e-02
-2.635657250837619356e-02
3.255428410354818669e-02
-2.672589811547284103e-02
1.129762464170326434e-02
7.948801242838072698e-03
-2.409246286064169879e-02
3.155985216628517942e-02
-2.799485396446308241e-02
1.491021693897815609e-02
3.015611730427003243e-03
-1.966308101635708822e-02
2.957013575260400082e-02
-2.968712598050637572e-02
2.024197705915480733e-02
-4.502117543894795446e-03
-1.241073103187144248e-02
2.521159376139713373e-02
-3.008774602464389311e-02
2.578217377310000266e-02
-1.383862230635627029e-02
-2.002012866281987179e-03
1.701191755343456347e-02
-2.689479133557387547e-02
2.898880937064038724e-02
-2.292922589243341636e-02
1.062670014105081273e-02
4.379490967566492844e-03
-1.796791639140776428e-02
2.656774019056218697e-02
-2.806972393895179954e-02
2.229408605450158148e-02
-1.092956498364105501e-02
-2.998154293599379887e-03
1.595655375632321418e-02
-2.480424356139320635e-02
2.753103856071640460e-02
-2.367422547712039194e-02
1.433865824099668333e-02
-1.849080327095039113e-03
-1.085377217898424868e-02
2.091355448048113144e-02
-2.618914675293872521e-02
2.568179572213410283e-02
-1.968265034246651987e-02
9.633165326050905850e-03
2.246832918871744141e-03
-1.346505557828846233e-02
2.178036519945114255e-02
-2.563607844174074085e-02
2.442431772985095145e-02
-1.854456942356089155e-02
9.263824312500164998e-03
1.576755530079402244e-03
-1.193924271718003333e-02
1.997265413204159581e-02
-2.433236856056258599e-02
2.438395976074450230e-02
-2.026640490487617574e-02
1.281713320972677206e-02
-3.385055703293438772e-03
-6.426075060749036720e-03
1.503466498528463827e-02
-2.113151712530774579e-02
2.386588228985724036e-02
-2.294443451773329340e-02
1.863661512713771923e-02
-1.169503601720927807e-02
3.211543807180230938e-03
5.563248636487999263e-03
-1.340707601119802903e-02
1.929249915949176122e-02
-2.251168449046062753e-02
2.274680386673169283e-02
-2.008239715630696573e-02
1.496432982644625362e-02
-8.116493622145018461e-03
4.305184302391212533e-04
7.154699058217061855e-03
-1.376769371673505250e-02
1.870015528999087462e-02
-2.147448154052082614e-02
2.187852282169224297e-02
-1.996733321806652001e-02
1.603556667780586462e-02
-1.056699204051052103e-02
4.169273880810229690e-03
2.497327861756574226e-03
-8.789213361897450089e-03
1.413985699467445838e-02
-1.810643516054530680e-02
2.039980783461766561e-02
-2.089704968632345727e-02
1.963754234305427684e-02
-1.680506840609832797e-02
1.269931156434030844e-02
-7.700649985135445824e-03
2.232168615096638206e-03
3.277515506550743134e-03
-8.427625360854769029e-03
1.287257635322288339e-02
-1.634193109618532411e-02
1.865239676782972159e-02
-1.971203334956849948e-02
1.951743194115074936e-02
-1.814505045650722029e-02
1.573815323534983462e-02
-1.249090133611719527e-02
8.631103081426918372e-03
-4.402988687918082782e-03
5.115062944519947741e-05
4.193475381357368754e-03
-8.124996284238834507e-03
1.157099564175102964e-02
-1.439794335475644629e-02
1.651371535056814568e-02
-1.786751715173803129e-02
1.844761601806284984e-02
-1.827735025038667444e-02
1.740990623783392893e-02
-1.592234084023607874e-02
1.390928663142874423e-02
-1.147671847604282355e-02
8.736089518213207422e-03
-5.799069680486058573e-03
2.773045799213391671e-03
2.425261330302549046e-04
-3.158886463838990726e-03
5.899875107724800172e-03
-8.403031678879631372e-03
1.061997998599596184e-02
-1.251620242743851918e-02
1.407031886832770320e-02
-1.527298601358026073e-02
1.612552866521928946e-02
-1.663840511322643712e-02
1.682959670868185154e-02
-1.672299769650591184e-02
1.634686673649441563e-02
-1.573238709537017055e-02
1.491236891629961481e-02
-1.392011473350396322e-02
1.278845878873828036e-02
-1.154898186343618002e-02
1.023139628391220475e-02
-8.863090412499675594e-03
7.468818164014010171e-03
-6.070516700826459125e-03
4.687234253989360985e-03
-3.335149779342913047e-03
2.027666677790031149e-03
-7.755638947919723429e-04
-4.128108075091256471e-04
1.531318891391661701e-03
-2.575792044416232770e-03
3.543785929580702161e-03
-4.434334676427722707e-03
5.247712421877823337e-03
-5.985206680465714017e-03
6.648906970517237322e-03
-7.241510956204868371e-03
7.766149385883129239e-03
-8.226230308000390123e-03
8.625302414911965518e-03
-8.966936887204181653e-03
9.254626769266241157e-03
-9.491702682821540060e-03
9.681263561584668373e-03
-9.826121049797702581e-03
9.928756234980582254e-03
-9.991287466058481476e-03
1.001544813006695518e-02
-1.000257341224377108e-02
9.953595236465176410e-03
-9.869044766706181609e-03
9.749062038602407040e-03
-9.593412476626742361e-03
9.401510230886407291e-03
-9.172448432425515247e-03
8.905036611898590679e-03
-8.597845647486848653e-03
8.249260698584106807e-03
-7.857542635171070600e-03
7.420898482519367768e-03
-6.937561359555003034e-03
6.405880289073320917e-03
-5.824420091323371899e-03
5.192071331462920838e-03
-4.508169968546617279e-03
3.772625943383994124e-03
-2.986059439254703032e-03
2.149942952495522731e-03
-1.266746619591290835e-03
3.400834709501321666e-04
6.251495696283671270e-04
-1.622640027213513190e-03
2.644543581444690639e-03
-3.681390082405250255e-03
4.722019692084869491e-03
-5.753557720220465153e-03
6.761437292091877077e-03
-7.729479289603380376e-03
8.640038956317833141e-03
-9.474228056066237927e-03
1.021222042426803665e-02
-1.083364705519068022e-02
1.131808443935132871e-02
-1.164563663444103357e-02
1.179760747818900737e-02
-1.175725443025298599e-02
1.151060981060990536e-02
-1.104734879606502490e-02
1.036167663164559369e-02
-9.453200382255062817e-03
8.327743557045101316e-03
-6.998055543341027973e-03
5.484362537750562400e-03
-3.814703185244776567e-03
2.024991112326396305e-03
-1.587486679707909626e-04
-1.733537861906154793e-03
3.595480937737758828e-03
-5.366296514843454761e-03
6.982754787073441882e-03
-8.381555709373079976e-03
9.502078556352962571e-03
-1.028942186852858411e-02
1.069761538195932761e-02
-1.069285100885815701e-02
1.025654824268180422e-02
-9.388043562495940880e-03
8.106676885142211422e-03
-6.453044344149790057e-03
4.489198972884766471e-03
-2.297612028076297889e-03
-2.124041461916445457e-05
2.352727790926005015e-03
-4.573321266100554769e-03
6.557114814057149986e-03
-8.183349043527479716e-03
9.344551534895034067e-03
-9.954790602631132315e-03
9.957441925206266670e-03
-9.331802521255483374e-03
8.097867171292169597e-03
-6.318620223180030498e-03
4.099299372706686519e-03
-1.583261346321025113e-03
-1.055680033186410030e-03
3.624275245187604747e-03
-5.923715479922927324e-03
7.765511510002858636e-03
-8.988196718774378938e-03
9.473411752964651725e-03
-9.159766417898895785e-03
8.052852949320702877e-03
-6.229933512008011508e-03
3.838159785514218617e-03
-1.085700948586345530e-03
-1.774167543247379044e-03
4.465178975024603793e-03
-6.714743447710409124e-03
8.282764716155091578e-03
-8.989614954557195378e-03
8.739961685231575558e-03
-7.539187148010038399e-03
5.499605705816931235e-03
-2.834581740641929377e-03
-1.600665305690406558e-04
3.136431559166440435e-03
-5.734035213158880477e-03
7.624328664418927523e-03
-8.554792589444018200e-03
8.386635002932435468e-03
-7.120236887491342842e-03
4.903527218788700237e-03
-2.020364185726898024e-03
-1.141396403329091947e-03
4.139448095411635622e-03
-6.538486737512656452e-03
7.975341540285884115e-03
-8.218022493173429352e-03
7.208780324154117312e-03
-5.082760664451941787e-03
2.156936324555448412e-03
1.111580390504342871e-03
-4.193598834468924286e-03
6.572986844552323321e-03
-7.835563860607391157e-03
7.746332859603318952e-03
-6.300127895065089738e-03
3.734112491192788201e-03
-4.965372715619917722e-04
-2.826057913681571249e-03
5.612733600060578441e-03
-7.325493687714357445e-03
7.617993206864140388e-03
-6.413086888874781205e-03
3.930898563879067949e-03
-6.576456715416130038e-04
-2.742930815673813409e-03
5.561162386139814270e-03
-7.190961761080978676e-03
7.265815478903198468e-03
-5.749949582449336016e-03
2.960685959946078583e-03
4.882881472780814655e-04
-3.815421970845654133e-03
6.246560721903056390e-03
-7.198472015066246024e-03
6.426745674727617728e-03
-4.099163270546941039e-03
7.709668850768906746e-04
2.738621433263355859e-03
-5.543888701161002810e-03
6.917979545209244387e-03
-6.488731370366234395e-03
4.350787045000188528e-03
-1.058067987891238857e-03
-2.509310981299213601e-03
5.375082671731220771e-03
-6.735558565414839945e-03
6.193096103159003406e-03
-3.884740405042195338e-03
4.617912223337939238e-04
3.083109929246494966e-03
-5.699191398792331775e-03
6.592090973523212667e-03
-5.475131435536281788e-03
