2.000000000000000000e+00
1.842191543421919819e+00
1.494836577555142654e+00
1.047854212412006714e+00
6.064703554559984777e-01
2.660307003545518967e-01
9.087515926928502186e-02
1.018302116243533506e-01
2.745752752792739448e-01
5.484848309678260758e-01
8.431736041755520938e-01
1.078402334035654331e+00
1.192539404826503890e+00
1.155446212051872035e+00
9.732266823692081736e-01
6.843292442041133405e-01
3.485092825112530712e-01
3.169046281283316446e-02
-2.095119505723713471e-01
-3.400325137068069825e-01
-3.527844145015211486e-01
-2.682146250399539134e-01
-1.275762591767450882e-01
1.809197912526500085e-02
1.204461533377640114e-01
1.448106474257027654e-01
7.723470213237998427e-02
-7.370860880692647887e-02
-2.804203727451761718e-01
-5.038924875511908708e-01
-7.034037034306209746e-01
-8.459237392032852298e-01
-9.130895737051459848e-01
-9.043265896802272774e-01
-8.356728454061344014e-01
-7.348816303398768568e-01
-6.341901725097695008e-01
-5.625790119642839482e-01
-5.393337082827993623e-01
-5.702930951242429769e-01
-6.474537305815623034e-01
-7.517828099988377311e-01
-8.583663869593517459e-01
-9.425461358273148349e-01
-9.855668210017372033e-01
-9.784738370508054839e-01
-9.234910886165847987e-01
-8.327420489696112371e-01
-7.247959205884689782e-01
-6.199853862313922104e-01
-5.356569118689542552e-01
-4.824475221877109199e-01
-4.623687938338086889e-01
-4.690088191659921857e-01
-4.896550230332415432e-01
-5.087141426668250199e-01
-5.115524677846031709e-01
-4.878453433956937979e-01
-4.337022125798818406e-01
-3.521664429449324341e-01
-2.520904076325707899e-01
-1.457589047480140620e-01
-4.589456911680690060e-02
3.722434567566758334e-02
9.788110176530673279e-02
1.358416645977609527e-01
1.559539872553616369e-01
1.666115651067129055e-01
1.775146844679942326e-01
1.972930602909728215e-01
2.315452833397157462e-01
2.817154188476699850e-01
3.450052074730324270e-01
4.152686764584319068e-01
4.846144047085266249e-01
5.452978805791736105e-01
5.914495031085315047e-01
6.202537412692278318e-01
6.323481428216030098e-01
6.314062297027954740e-01
6.230580304692309168e-01
6.134429700083896542e-01
6.077531934788705792e-01
6.091021285554760745e-01
6.179546807639586525e-01
6.322098207450769225e-01
6.478702182144197019e-01
6.601035528722619672e-01
6.644241568813759047e-01
6.577153022284812911e-01
6.388688469881647070e-01
6.089225612682244160e-01
5.706991493463335896e-01
5.280649712797087503e-01
4.850052911936137412e-01
4.447409600908409644e-01
4.090859433520626087e-01
3.781756821562148319e-01
3.506019770272854053e-01
3.238942971759099509e-01
2.952122256811667844e-01
2.620749311288357863e-01
2.229574301895717592e-01
1.776260508242681058e-01
1.271543865098825887e-01
7.363848561402974724e-02
1.969767299558104062e-02
-3.210956735448124155e-02
-7.981492961743494319e-02
-1.223976095361537925e-01
-1.599001546588283418e-01
-1.932936919771031381e-01
-2.241415052708403410e-01
-2.541526930642537541e-01
-2.847363181394693687e-01
-3.166584875442658431e-01
-3.498739002011892474e-01
-3.835582844829290017e-01
-4.163201778681273058e-01
-4.465308804032268042e-01
-4.726886372627455146e-01
-4.937312004893550932e-01
-5.092288401378827212e-01
-5.194221018773435006e-01
-5.251067337128833001e-01
-5.274030654344346036e-01
-5.274709571029484456e-01
-5.262395548099947362e-01
-5.242127566571356256e-01
-5.213895805963025820e-01
-5.173094686214484428e-01
-5.112031753853557570e-01
-5.022070300379674057e-01
-4.895868072305550878e-01
-4.729190432815837397e-01
-4.521910850027384687e-01
-4.278025344209922531e-01
-4.004745869315115003e-01
-3.710944120552152059e-01
-3.405346845184998861e-01
-3.094912133324268511e-01
-2.783744055480276147e-01
-2.472754074867651586e-01
-2.160091514407850022e-01
-1.842187339685927294e-01
-1.515125882371414490e-01
-1.176004169477126021e-01
-8.239655415881644296e-02
-4.606912163394204923e-02
-9.027316968042457465e-03
2.814609154935877183e-02
6.479791927233548299e-02
1.003174027476015640e-01
1.342323716160336855e-01
1.662680925520606534e-01
1.963581434330406994e-01
2.246084242341294945e-01
2.512260699728003921e-01
2.764322331684433420e-01
3.003800425444971278e-01
3.230963301505314078e-01
3.444589324903896688e-01
3.642123585829876720e-01
3.820156045362079755e-01
3.975089476035646441e-01
4.103831193226024632e-01
4.204348751399094586e-01
4.275972174542091442e-01
4.319391606417696816e-01
4.336372594700491079e-01
4.329274247717691537e-01
4.300494501153309113e-01
4.251974467965513038e-01
4.184870765725504649e-01
4.099458305242091871e-01
3.995268585785365922e-01
3.871414033769949303e-01
3.727009637853496149e-01
3.561587003025999953e-01
3.375405024513231655e-01
3.169591796415521801e-01
2.946095628738225614e-01
2.707468315870805164e-01
2.456540554230602080e-01
2.196069822021872175e-01
1.928441588680172847e-01
1.655486699711260778e-01
1.378446637801845343e-01
1.098082169100989547e-01
8.148883040117683996e-02
5.293567503742620944e-02
2.422203329824737517e-02
-4.537733475805099705e-03
-3.318224372777123926e-02
-6.150894596697321914e-02
-8.928976259308604724e-02
-1.162924189686886239e-01
-1.423023305620840229e-01
-1.671401496034188583e-01
-1.906714078000369128e-01
-2.128067484603266002e-01
-2.334934969124601023e-01
-2.527012409892868128e-01
-2.704052662523728778e-01
-2.865718978860706811e-01
-3.011490639493241139e-01
-3.140639492003760025e-01
-3.252278369309857253e-01
-3.345465677911364510e-01
-3.419338548574237802e-01
-3.473242221299944199e-01
-3.506826365871932860e-01
-3.520088574059230258e-01
-3.513358651287873391e-01
-3.487231239400459537e-01
-3.442465493342155014e-01
-3.379876639822873563e-01
-3.300244226925136415e-01
-3.204256170373323553e-01
-3.092498027280265460e-01
-2.965485783387364349e-01
-2.823730486201981860e-01
-2.667816492774605086e-01
-2.498473192129573028e-01
-2.316622915978784891e-01
-2.123394374758593162e-01
-1.920099562532768811e-01
-1.708180549257045377e-01
-1.489138988040741018e-01
-1.264464185298333210e-01
-1.035574761222631118e-01
-8.037847279454733707e-02
-5.702984365314736626e-02
-3.362319085829201804e-02
-1.026522040381584733e-02
1.293770475304525068e-02
3.587563672908694601e-02
5.843274627226769519e-02
8.048721414156720377e-02
1.019133202002410338e-01
1.225852295438620287e-01
1.423816148535222148e-01
1.611901164233999206e-01
1.789107417963097524e-01
1.954576057246321663e-01
2.107588256892088119e-01
2.247548152116732867e-01
2.373955579166274199e-01
2.486376277777045396e-01
2.584417146637228435e-01
2.667712341088000483e-01
2.735922999047736281e-01
2.788749951319851594e-01
2.825955733607376508e-01
2.847390239489610564e-01
2.853013815208798043e-01
2.842912520129924348e-01
2.817302346187838813e-01
2.776521849956349319e-01
2.721015250532726748e-01
2.651309993811885590e-01
2.567993679091831183e-01
2.471694957141802318e-01
2.363071690075461417e-01
2.242807688792996246e-01
2.111617213227815759e-01
1.970254634214138045e-01
1.819525599051945997e-01
1.660295906563815371e-01
1.493495047688024047e-01
1.320112769543558828e-01
1.141188706740474540e-01
9.577966867551819530e-02
7.710264067349646699e-02
5.819655806061194842e-02
3.916853246885763223e-02
2.012306149755018272e-02
1.161636712977978918e-03
-1.761716203278370155e-02
-3.611726557630307033e-02
-5.424464177630607814e-02
-7.190697954925616420e-02
-8.901370406483567754e-02
-1.054764033653852184e-01
-1.212096411579483002e-01
-1.361320378014288235e-01
-1.501674419707232366e-01
-1.632460004618050964e-01
-1.753049634291309333e-01
-1.862891270345305161e-01
-1.961508977658293906e-01
-2.048500424778476325e-01
-2.123532474396496728e-01
-2.186336362628346353e-01
-2.236703868039921772e-01
-2.274485458556541051e-01
-2.299590794170794927e-01
-2.311991310150597334e-01
-2.311724062593442652e-01
-2.298895702794577500e-01
-2.273685415611686467e-01
-2.236345897236462210e-01
-2.187201885548377134e-01
-2.126646277483887904e-01
-2.055134347494383118e-01
-1.973176912490708090e-01
-1.881333406558921006e-01
-1.780205721613938308e-01
-1.670433378871209462e-01
-1.552690200707748935e-01
-1.427682251435923311e-01
-1.296146501310412869e-01
-1.158849506790521067e-01
-1.016585417948108333e-01
-8.701728042201745117e-02
-7.204500796252814865e-02
-5.682696338498609973e-02
-4.144910591486033330e-02
-2.599740427024669828e-02
-1.055715360444801215e-02
4.787628252881238888e-03
1.995469383805315022e-02
3.486394237350060737e-02
4.943769782759793036e-02
6.360092517359910991e-02
7.728142918926421412e-02
9.041007684080805407e-02
1.029210713947330824e-01
1.147522875686464300e-01
1.258456570391842666e-01
1.361475771720963845e-01
1.456093064824720007e-01
1.541873097492439948e-01
1.618435234442502924e-01
1.685455258641010701e-01
1.742666125361633511e-01
1.789857922604763674e-01
1.826877292922727825e-01
1.853626607075936350e-01
1.870063146233415796e-01
1.876198459651466921e-01
1.872097943864904079e-01
1.857880567712628384e-01
1.833718573322527523e-01
1.799836936493699191e-01
1.756512378399761043e-01
1.704071778644855317e-01
1.642889930879182503e-01
1.573386683443336320e-01
1.496023595179281906e-01
1.411300291719725097e-01
1.319750720119956811e-01
1.221939469972103121e-01
1.118458267135526707e-01
1.009922668591829303e-01
8.969689127257464423e-02
7.802508254195451853e-02
6.604366597237326664e-02
5.382057585448089126e-02
4.142449706746603039e-02
2.892448091216777428e-02
1.638954023479824093e-02
3.888233926587190276e-03
-8.511746309753685097e-03
-2.074397394544486017e-02
-3.274365984694112275e-02
-4.444799250585847877e-02
-5.579644506609113264e-02
-6.673105249646560377e-02
-7.719666536822133995e-02
-8.714118777072264732e-02
-9.651580585847191474e-02
-1.052752107820685845e-01
-1.133778160914464678e-01
-1.207859660454591172e-01
-1.274661284841778763e-01
-1.333890646234591193e-01
-1.385299685382318235e-01
-1.428685710278145282e-01
-1.463892054847625579e-01
-1.490808366066633806e-01
-1.509370555705790984e-01
-1.519560470568659394e-01
-1.521405339602196483e-01
-1.514977047811128519e-01
-1.500391268654606702e-01
-1.477806463712544316e-01
-1.447422736735008153e-01
-1.409480513879568242e-01
-1.364259016308343730e-01
-1.312074496200248408e-01
-1.253278220989233194e-01
-1.188254209686703394e-01
-1.117416744929492639e-01
-1.041207700495094673e-01
-9.600937331638403904e-02
-8.745633885147750808e-02
-7.851241630678387762e-02
-6.922995524268597822e-02
-5.966261001313246520e-02
-4.986504484229278139e-02
-3.989263831015814332e-02
-2.980118618455878873e-02
-1.964660189921880323e-02
-9.484614849676662948e-03
6.295321801711568866e-04
1.064138402652876729e-02
2.049756931737123714e-02
3.014608816509509875e-02
3.953658789892928321e-02
4.862062398788163931e-02
5.735190424554025002e-02
6.568651543681140736e-02
7.358313230015647854e-02
8.100320958179560438e-02
8.791115786006756250e-02
9.427450372774653919e-02
1.000640343965364804e-01
1.052539261514390534e-01
1.098218554928062501e-01
1.137490914175722234e-01
1.170205672075623066e-01
1.196249303349349313e-01
1.215545696093711381e-01
1.228056193664802953e-01
1.233779411909285140e-01
1.232750842451186407e-01
1.225042256349657827e-01
1.210760923446280446e-01
1.190048661303107075e-01
1.163080724511512815e-01
1.130064541374179860e-01
1.091238301640749947e-01
1.046869397029112775e-01
9.972527162133527912e-02
9.427087978449172345e-02
8.835818485729080018e-02
8.202376371882023898e-02
7.530612800438907239e-02
6.824549359883017030e-02
6.088354306317313863e-02
5.326318296651016276e-02
4.542829793543697037e-02
3.742350297539406151e-02
2.929389532967745929e-02
2.108480689118732987e-02
1.284155802247084234e-02
4.609213598108122083e-03
-3.567657843609877821e-03
-1.164522079675696375e-02
-1.958060409913514599e-02
-2.733212545859993806e-02
-3.485950769563466584e-02
-4.212408520419830965e-02
-4.908899923891808792e-02
-5.571938083075088366e-02
-6.198252038003865955e-02
-6.784802323180320893e-02
-7.328795076103680750e-02
-7.827694665529801032e-02
-8.279234816468973579e-02
-8.681428210138163182e-02
-9.032574533423122498e-02
-9.331266947090723074e-02
-9.576396938402707837e-02
-9.767157524672423485e-02
-9.903044781212071157e-02
-9.983857680068140839e-02
-1.000969624356176368e-01
-9.980958036552779744e-02
-9.898333040748243106e-02
-9.762796970755560633e-02
-9.575603103222116164e-02
-9.338272696727464850e-02
-9.052584081702703955e-02
-8.720560498091677049e-02
-8.344456755810426840e-02
-7.926744791371806431e-02
-7.470098194910716749e-02
-6.977375786043127359e-02
-6.451604324348556019e-02
-5.895960449779273638e-02
-5.313751958397922026e-02
-4.708398527825483071e-02
-4.083412013153792791e-02
-3.442376436949889235e-02
-2.788927796158683151e-02
-2.126733804752858545e-02
-1.459473684967836637e-02
-7.908181132417773165e-03
-1.244094208417215837e-03
5.361578554814274908e-03
1.187355980205039366e-02
1.825742491547602264e-02
2.447978048238939885e-02
3.050843558989251372e-02
3.631256504078222980e-02
4.186286361276626150e-02
4.713169053363628486e-02
5.209320341779680869e-02
5.672348100011577465e-02
6.100063410367468492e-02
6.490490437992631201e-02
6.841875045497840258e-02
7.152692119881215449e-02
7.421651590321082237e-02
7.647703121071568189e-02
7.830039468558065707e-02
7.968098496451660184e-02
8.061563847607536304e-02
8.110364277729681382e-02
8.114671662672308383e-02
8.074897699313812738e-02
7.991689328593239161e-02
7.865922918068862790e-02
7.698697249683060517e-02
7.491325365819678783e-02
7.245325332916857652e-02
6.962409986776035842e-02
6.644475727431874146e-02
6.293590434335086248e-02
5.911980575039879615e-02
5.502017582952958841e-02
5.066203582248722526e-02
4.607156540887363122e-02
4.127594935699933909e-02
3.630322016504726468e-02
3.118209758868675449e-02
2.594182597105903695e-02
2.061201030147651395e-02
1.522245192891603233e-02
9.802984845467080724e-03
4.383313434739842876e-03
-1.007147446743516866e-03
-6.339429218288006318e-03
-1.158516234977368699e-02
-1.671672439101548266e-02
-2.170738251637895078e-02
-2.653142987704125086e-02
-3.116431508617417689e-02
-3.558276419793295064e-02
-3.976489458133965899e-02
-4.369032013598512371e-02
-4.734024734850027227e-02
-5.069756174634312135e-02
-5.374690436736975774e-02
-5.647473792809885179e-02
-5.886940243856469274e-02
-6.092116007553297075e-02
-6.262222918742864353e-02
-6.396680736318083316e-02
-6.495108355353396146e-02
-6.557323928791970735e-02
-6.583343908370965780e-02
-6.573381019842838846e-02
-6.527841192985277263e-02
-6.447319472386603412e-02
-6.332594940497558722e-02
-6.184624689856257906e-02
-6.004536886600442269e-02
-5.793622972256168291e-02
-5.553329055234399597e-02
-5.285246547413202656e-02
-4.991102104620117469e-02
-4.672746932777536305e-02
-4.332145523996649983e-02
-3.971363889062805991e-02
-3.592557354616944532e-02
-3.197957994933361969e-02
-2.789861769537665612e-02
-2.370615438972500932e-02
-1.942603331752969578e-02
-1.508234035900353834e-02
-1.069927088341035212e-02
-6.300997348723471995e-03
-1.911538323121596706e-03
2.445370371194723925e-03
6.746401711438587689e-03
1.096876006838122357e-02
1.509029971167625238e-02
1.908963862644626197e-02
2.294626707292282339e-02
2.664065035459294017e-02
3.015432529579723311e-02
3.346998996721820691e-02
3.657158623729971081e-02
3.944437476951230537e-02
4.207500212948197399e-02
4.445155971219781621e-02
4.656363424746282065e-02
4.840234969094056594e-02
4.996040035804824586e-02
5.123207520794733488e-02
5.221327323449954233e-02
5.290150996988769033e-02
5.329591515438351218e-02
5.339722167238832723e-02
5.320774590030145912e-02
5.273135965602709918e-02
5.197345398296951413e-02
5.094089504312276223e-02
4.964197243414421312e-02
4.808634028385317533e-02
4.628495151207241004e-02
4.424998568377792874e-02
4.199477090878402791e-02
3.953370027141344528e-02
3.688214329856862733e-02
3.405635299628116675e-02
3.107336900314716308e-02
2.795091742415637889e-02
2.470730792035866208e-02
2.136132863870736018e-02
1.793213957230677461e-02
1.443916494417433680e-02
1.090198520749724453e-02
7.340229252112695502e-03
3.773467400535388244e-03
2.211057672286273143e-04
-3.297717458024143275e-03
-6.764233257727797141e-03
-1.016014003932889410e-02
-1.346769838869514915e-02
-1.666982184453964094e-02
-1.975016324049624558e-02
-2.269319619026762685e-02
-2.548429132180751386e-02
-2.810978689872475900e-02
-3.055705350085659300e-02
-3.281455247109762302e-02
-3.487188787198979012e-02
-3.671985173309560979e-02
-3.835046240864836697e-02
-3.975699590418321772e-02
-4.093401007054676966e-02
-4.187736160361949650e-02
-4.258421582796592664e-02
-4.305304928220150124e-02
-4.328364516285646002e-02
-4.327708172172727713e-02
-4.303571374891983214e-02
-4.256314730985737843e-02
-4.186420793930087370e-02
-4.094490252878325159e-02
-3.981237517565706929e-02
-3.847485729207341526e-02
-3.694161230048592648e-02
-3.522287526857868778e-02
-3.332978786066759236e-02
-3.127432900451167230e-02
-2.906924169192494703e-02
-2.672795634852553198e-02
-2.426451122231048502e-02
-2.169347025245359911e-02
-1.902983888877861351e-02
-1.628897833876189263e-02
-1.348651872269145645e-02
-1.063827161877047879e-02
-7.760142478542288516e-03
-4.868043389061598759e-03
-1.977806651771837378e-03
8.949003608841034308e-04
3.734658621461239315e-03
6.526378700141837949e-03
9.255379434027471292e-03
1.190746361125411337e-02
1.446899028827341831e-02
1.692694338071781823e-02
1.926899619208255823e-02
2.148357156984399136e-02
2.355989740543355457e-02
2.548805722252006981e-02
2.725903562719151491e-02
2.886475842366447928e-02
3.029812722996507932e-02
3.155304845944227610e-02
3.262445656582867864e-02
3.350833148168458342e-02
3.420171021227749047e-02
3.470269257907396265e-02
3.501044113887336745e-02
3.512517533601205999e-02
3.504815997583708709e-02
3.478168813762029521e-02
3.432905867410078471e-02
3.369454847276145276e-02
3.288337968062896716e-02
3.190168211970628720e-02
3.075645114400192906e-02
2.945550121138168845e-02
2.800741546405158613e-02
2.642149163028202977e-02
2.470768457691523146e-02
2.287654585717989117e-02
2.093916061130204204e-02
1.890708218828814763e-02
1.679226486603650412e-02
1.460699505354880363e-02
1.236382136349106591e-02
1.007548394566347254e-02
7.754843472106573432e-03
5.414810162622891651e-03
3.068273235465217904e-03
7.280311618705212961e-04
-1.593276904936054283e-03
-3.883238165626768604e-03
-6.129731326742627988e-03
-8.320989533569028360e-03
-1.044566076404454015e-02
-1.249286538073476199e-02
-1.445225055629150400e-02
-1.631404130758923668e-02
-1.806908789472645022e-02
-1.970890936321428866e-02
-2.122573303078128040e-02
-2.261252974417946732e-02
-2.386304475603823194e-02
-2.497182409704239853e-02
-2.593423634436744021e-02
-2.674648971325190028e-02
-2.740564442466376580e-02
-2.790962032812056154e-02
-2.825719978467151200e-02
-2.844802584072981394e-02
-2.848259574870745311e-02
-2.836224991512074911e-02
-2.808915638086907987e-02
-2.766629096161784748e-02
-2.709741319852228963e-02
-2.638703829079403970e-02
-2.554040520173773976e-02
-2.456344114877170165e-02
-2.346272270550507980e-02
-2.224543376009460033e-02
-2.091932058877440936e-02
-1.949264431657957500e-02
-1.797413104880064838e-02
-1.637291996658744864e-02
-1.469850968830044985e-02
-1.296070320467734328e-02
-1.116955170061162926e-02
-9.335297579326089917e-03
-7.468317005962757556e-03
-5.579062287117000397e-03
-3.678004400625177906e-03
-1.775575986039510182e-03
1.178848993324853794e-04
1.992189961075605496e-03
3.837354495936238976e-03
5.643649588811571263e-03
7.401652411135900382e-03
9.102294366254613800e-03
1.073690684154811337e-02
1.229726434239724470e-02
1.377562479950032379e-02
1.516476685842422199e-02
1.645802397852339644e-02
1.764931518737077390e-02
1.873317235650204943e-02
1.970476388446659038e-02
2.055991469379305978e-02
2.129512246939479353e-02
2.190757008704545192e-02
2.239513420173159380e-02
2.275638998682391612e-02
2.299061203598541658e-02
2.309777146044166354e-02
2.307852923456826799e-02
2.293422586259486265e-02
2.266686745847906401e-02
2.227910834957238725e-02
2.177423033248530870e-02
2.115611872647244276e-02
2.042923538561820102e-02
1.959858884603096763e-02
1.866970179807769803e-02
1.764857608634869124e-02
1.654165545147485636e-02
1.535578623808410946e-02
1.409817630202207447e-02
1.277635235745984248e-02
1.139811601062491568e-02
9.971498731606923127e-03
8.504716018994582655e-03
7.006121013992392885e-03
5.484157821142249603e-03
3.947314791854133857e-03
2.404078024644819202e-03
8.628853323260420949e-04
-6.679190786005604133e-04
-2.180128977348728351e-03
-3.665719295558965331e-03
-5.116887908502487300e-03
-6.526095797777747495e-03
-7.886105393356686658e-03
-9.190016904700865075e-03
-1.043130246343924351e-02
-1.160383791371245692e-02
-1.270193210065597572e-02
-1.372035352253505106e-02
-1.465435422766698040e-02
-1.549969085338647086e-02
-1.625264272081579711e-02
-1.691002691603367067e-02
-1.746921030526554786e-02
-1.792811844887066963e-02
-1.828524139607578397e-02
-1.853963635951094008e-02
-1.869092728554468813e-02
-1.873930135310586040e-02
-1.868550245002831289e-02
-1.853082169187969183e-02
-1.827708506364955632e-02
-1.792663827950176023e-02
-1.748232896996282718e-02
-1.694748631935302785e-02
-1.632589828890385064e-02
-1.562178657278526402e-02
-1.483977944512704719e-02
-1.398488266602205925e-02
-1.306244862338782307e-02
-1.207814389540807359e-02
-1.103791542504022408e-02
-9.947955503735188623e-03
-8.814665766050534812e-03
-7.644620400234706029e-03
-6.444528782104147653e-03
-5.221197740648528957e-03
-3.981493663749324612e-03
-2.732304651232260895e-03
-1.480502920190190181e-03
-2.329076641401303400e-04
1.003751436857093894e-03
2.222869863446049615e-03
3.418002876375315045e-03
4.582898930210783581e-03
5.711531711818845780e-03
6.798130643190309491e-03
7.837209698080575479e-03
8.823594392565236103e-03
9.752446820888511364e-03
1.061928861984661257e-02
1.142002175733318123e-02
1.215094705350256050e-02
1.280878035620753620e-02
1.339066630586377774e-02
1.389418963861119120e-02
1.431738399050189528e-02
1.465873817937089069e-02
1.491719995496235823e-02
1.509217722171867122e-02
1.518353675230939628e-02
1.519160042342069215e-02
1.511713901846343557e-02
1.496136365462631158e-02
1.472591490403106149e-02
1.441284969057969774e-02
1.402462605535694309e-02
1.356408589411081146e-02
1.303443578032678629e-02
1.243922599669286706e-02
1.178232790627248110e-02
1.106790980243052037e-02
1.030041138345375203e-02
9.484517003843099051e-03
8.625127859408056666e-03
7.727333267544173739e-03
6.796381207405865696e-03
5.837648287093464422e-03
4.856609306447866661e-03
3.858806584593621556e-03
2.849819220992803014e-03
1.835232457482415674e-03
8.206073065838084693e-04
-1.885493916902199587e-04
-1.186814326216228737e-03
-2.168876330747194960e-03
-3.129564111445598887e-03
-4.063872944167917084e-03
-4.966990206690277861e-03
-5.834319618700825084e-03
-6.661504070641479161e-03
-7.444446931306745660e-03
-8.179331733438089530e-03
-8.862640146335368924e-03
-9.491168154702888868e-03
-1.006204037346367444e-02
-1.057272243908342381e-02
-1.102103142896543146e-02
-1.140514427165121962e-02
-1.172360412183341520e-02
-1.197532468548501150e-02
-1.215959249167582364e-02
-1.227606711882859442e-02
-1.232477939418889085e-02
-1.230612759610030978e-02
-1.222087169922673501e-02
-1.207012571309069859e-02
-1.185534817415289169e-02
-1.157833086108965570e-02
-1.124118581188664895e-02
-1.084633072981497533e-02
-1.039647287324717978e-02
-9.894591531572186766e-03
-9.343919196139208183e-03
-8.747921541179254704e-03
-8.110276334987835678e-03
-7.434851406279734815e-03
-6.725681794532738060e-03
-5.986946216311032389e-03
-5.222942981972523643e-03
-4.438065498839531033e-03
-3.636777497822683575e-03
-2.823588120648930222e-03
-2.003027004262843656e-03
-1.179619497646188821e-03
-3.578621442603999820e-04
4.578014394218938676e-04
1.263004162265347072e-03
2.053478410743165682e-03
2.825078236883765172e-03
3.573800668953997905e-03
4.295806037800285575e-03
4.987437218161486219e-03
5.645237691139345405e-03
6.265968341327754487e-03
6.846622909814769654e-03
7.384442032337407667e-03
7.876925800236826355e-03
8.321844790492104182e-03
8.717249519941315528e-03
9.061478287789515723e-03
9.353163379605474934e-03
9.591235615157595040e-03
9.774927231603945318e-03
9.903773102668222278e-03
9.977610303456419319e-03
9.996576039454320092e-03
9.961103966941886600e-03
9.871918940524139832e-03
9.730030231665465212e-03
9.536723269982798692e-03
9.293549966564552262e-03
9.002317685697593455e-03
8.665076938070781498e-03
8.284107874748411482e-03
7.861905666938355866e-03
7.401164861796614113e-03
6.904762809183867533e-03
6.375742258403612958e-03
5.817293227487814467e-03
5.232734250540892022e-03
4.625493110995746067e-03
3.999087170373102906e-03
3.357103403255343784e-03
2.703178249700512095e-03
2.040977396226497168e-03
1.374175595790319039e-03
7.064366359035360561e-04
4.139356214938982425e-05
-6.173707380687530394e-04
-1.266342489694774042e-03
-1.902095423756303182e-03
-2.521308516326982354e-03
-3.120782982843945449e-03
-3.697458442836758837e-03
-4.248428175449270837e-03
-4.770953391853182367e-03
-5.262476456710698212e-03
-5.720632997208378173e-03
-6.143262844822902635e-03
-6.528419761853315392e-03
-6.874379911815170149e-03
-7.179649040011235397e-03
-7.442968337922209639e-03
-7.663318972461656033e-03
-7.839925268570680644e-03
-7.972256541049245818e-03
-8.060027578891097375e-03
-8.103197792671577165e-03
-8.101969042688955333e-03
-8.056782172547178114e-03
-7.968312279652011582e-03
-7.837462760639627574e-03
-7.665358176033649183e-03
-7.453335984401361809e-03
-7.202937201923814876e-03
-6.915896048579509708e-03
-6.594128647042282916e-03
-6.239720844890109946e-03
-5.854915234786055647e-03
-5.442097450918599241e-03
-5.003781823149052073e-03
-4.542596473002433535e-03
-4.061267937845854277e-03
-3.562605411315125561e-03
-3.049484689269319013e-03
-2.524831911280958630e-03
-1.991607187897207181e-03
-1.452788203645581080e-03
-9.113538850093551346e-04
-3.702682213728478275e-04
1.675356747546882547e-04
6.991711840682763050e-04
1.221813391763293660e-03
1.732713815204565836e-03
2.229214572770015206e-03
2.708761922437787680e-03
3.168919102805477315e-03
3.607378413672133934e-03
4.021972478058764844e-03
4.410684632550554256e-03
4.771658398096127046e-03
5.103205988857004508e-03
5.403815822335781248e-03
5.672158999791295821e-03
5.907094731840769296e-03
6.107674690117818363e-03
6.273146271872626252e-03
6.402954770426611160e-03
6.496744450401743289e-03
6.554358532599851087e-03
6.575838099276297768e-03
6.561419936306113129e-03
