443178.258727993
392162.366101675
298915.349012268
189231.793279822
75657.4549998585
-12115.6566201218
-79561.8558360914
-114819.461125524
-122111.015392676
-103745.59939499
-64163.9190057112
-41196.1186678616
-14008.1283514189
-1120.19281549598
-2048.63847738329
-5302.67130389945
-17192.6806830617
-39651.6780909529
-42242.1888275246
-47928.0506527291
-48782.6577240805
-43705.4111367214
-35332.7852731648
-27021.4352338373
-13727.7011060739
2660.44064849967
21722.0969847261
41193.2623816173
63241.7577703306
72472.617173542
81110.3143518984
82635.7607137213
75854.4024974701
57273.019517801
37458.7806895556
17141.4629318293
2467.84874838544
-14402.8414491318
-16891.8265775294
-11660.1136186171
1105.65610216716
15196.6705714328
32005.0993033123
45161.8981038688
53970.7880212554
60131.3498355916
52236.4771334078
53604.7660845789
39977.3884249596
21752.0908986844
13830.2526047121
8484.35392448639
-5938.97827085099
-3691.11008933115
-10391.4778863979
-16177.7925899537
-13929.1779823819
-13092.2688413015
-10322.4622852987
-8094.22509711832
-1135.82262734184
3345.60810838191
-11147.1420518472
-13891.3885992716
-25531.2972394586
-41640.8710265978
-32999.3995817781
-34216.1984164003
-20013.2945855987
3597.40446640988
13817.9572751521
25230.5615507847
35946.1730729893
38988.2737387122
36721.5484248859
30543.6724803462
17792.5468501928
10973.2086182659
-902.960761026699
-18095.4532599784
-18989.5883618641
-21751.0065225552
-26733.6173918772
-29795.7702954996
-21959.9936034427
-13019.4493039382
-9967.76565749722
-7470.17649500469
2756.13899677193
3455.02743726744
2813.37622861176
-1036.20326165025
2490.88727323242
60.2855884647724
-7733.6835762646
-13553.05366221
-11311.1477433821
-7124.67880044881
2539.64128043671
8358.7317544136
11917.5872575567
18760.2820370707
33235.2041289432
24449.6136058963
18885.6935834386
10232.2375666658
-1964.28369346098
-6364.9205180016
-15267.2410042487
-12439.8153845738
-9327.64652088052
-4752.0377483842
-804.996021180163
8887.55516603122
16761.5533678082
13448.6624819799
11174.268793499
3622.70091435911
689.100198444021
-5297.8543470033
-10508.4422426617
-24601.8655222042
-34889.6025006421
-29074.1444711591
-22740.887107402
-17401.3791595647
-15512.9197501535
-13704.5610832999
-1816.84863198173
10570.1891988918
10600.7564597358
22178.5109505659
20903.7452047871
14684.3194121219
18169.7210268325
15562.3747028734
16393.8790439529
10803.0537259713
7714.70151174656
4463.74241024258
12763.4042598142
7707.97959773751
13573.0571912808
20405.1614589179
16760.1663498314
15539.650573261
18884.8106210748
11007.4169792104
1937.65289498027
-8621.49671616001
-13189.086470379
-12206.7283990719
-13040.7241092025
-19144.6128872652
-9145.81012328721
-266.553886401209
-674.187629171523
2650.06492484726
4964.70280274818
10019.3055565573
9176.8226788724
17726.0089407545
27935.8587169626
20383.7413076535
15520.5146437743
9340.45344443288
1163.57767042401
-4448.80730805663
2774.56745906653
-4967.04846736399
-2757.21510254193
-4066.00006291456
-4686.44654534828
-2239.18756245793
-1190.03907696606
1447.01712780462
-167.394861107601
-6035.34396520919
-506.081877155277
2037.98156408057
2056.40827155555
-5119.34968154754
1253.76870758496
8509.57835230699
15106.1437831155
10411.7751934446
11131.0706180993
20336.6886614125
23562.1935570914
22652.4061371556
16602.0951471681
10636.1986883952
7173.33382254123
3753.79108872158
1629.97390882302
-4564.66953171188
-15630.431024131
-12364.4496178393
-2005.43897626952
-4230.44191748116
-2440.06568577009
3123.09016698889
5872.43925729531
12933.7955554105
18739.8787484714
26973.9506008707
20462.0346155736
27077.4850894323
25365.9217993136
18848.4167493175
18532.421508996
24001.8399633313
21762.2488756362
26698.7895330741
22832.315904859
16282.930129397
14057.9750296862
11970.5090354692
12370.5095152523
11283.0973803605
3179.30039673529
-1212.70562984592
-12498.0869285548
-3431.62192907811
-5786.55498197066
-495.535828175969
-6006.70536371246
2729.50349401226
72.0729814281549
-2665.06160785029
9866.62936805833
22389.4106495125
17743.5097607858
22136.8613830373
25878.6444219185
24503.7281094109
19109.9139708062
21993.8267440719
15171.1271751083
12270.1927828167
14035.1277355649
12997.661532976
14618.1756423725
16584.4905236606
16829.8122680097
10167.5945992473
16188.1120342533
12047.7201319914
11111.6058620637
12335.9278726953
11315.2368183083
10318.4069853756
4145.40237445381
4867.9013155311
-2296.94519510232
5123.87739249528
8315.4213736307
4235.16178089965
13130.8500030055
19229.3759445855
24405.5563695797
22633.6087156929
22866.3663596166
24297.7392416165
22564.7401027417
19346.7922484378
11352.6734405919
16986.3865302177
16340.4154231903
3304.14912925863
17387.3466266465
6608.04985748177
1694.0396494808
234.113367260325
4038.03335257315
3421.04013343029
10655.9116907765
9859.49066663757
9699.70033163589
9470.26174052559
8704.12461863562
7044.70628502809
7818.45181026033
9684.27233945531
2269.24701285127
6784.44436088241
10500.4009391015
9711.7602510462
5219.3094308142
7617.13388464924
12088.8120754611
9422.37963341147
10555.3817552859
9810.8255242779
7117.95325194593
11206.120298688
8122.7199852552
1480.54018547817
6089.92411094137
13922.3537491266
6623.31079774947
10321.902721928
13224.8702805392
13240.0177459851
15536.8195039094
14347.4814887382
12709.1398387473
21313.0883526425
16833.0961318322
14689.9946870435
10869.8493484327
12934.5655577761
4005.25797571643
1960.8767770384
9318.77575835319
11545.8642559024
6227.07269247717
11126.448950797
12854.3254921303
9622.28379199207
15268.8024233264
9284.93569809205
6690.57134136286
8828.01770269438
9463.57020271188
5289.43902501175
8005.01481320232
8876.29832882763
9932.82912713845
6855.10454206656
7767.77084321691
11329.1737046234
9403.33508620676
16947.0999890531
9296.04372948512
13615.1574100999
10021.6073136921
14374.5484756247
9503.88525727197
5958.65022183483
13378.1372966932
15160.4806618779
9275.14145542041
8203.19557393644
12341.0413190631
12514.0136712391
11712.9231311343
12578.4045100118
8002.86226203356
15622.8085949579
13516.9968378737
5775.94842032732
8320.63465192953
12347.1137640799
8372.85962078998
9119.30548006618
-1844.66757558702
11582.9238092173
13635.6975799833
-2007.87483384508
2978.899657699
4881.90358941507
3622.20014604649
4831.6690129967
15339.6499754218
17063.0052114226
18166.9152682568
16407.0967926695
17325.5626724535
10671.0392615215
11619.1169046469
15309.8523305087
16280.8065748403
9930.24022495407
10029.2732156182
10202.3405602344
11417.8700465468
18737.9352126575
18314.0110202124
15148.8513517414
8828.16517831441
9439.22911550713
11799.5664808821
15449.1634646156
11796.0795639212
8649.2696672956
8486.33816595901
4614.57047154657
7515.57536324831
12301.7757132641
6813.83476716441
8722.45246404724
4974.14301734597
8909.91658359086
11822.5955616865
9279.00847669193
9333.06356171755
14780.156339838
13617.2294702601
13659.2818143532
11541.582003018
7589.58191823456
8395.30413762329
10261.8503733452
15236.8865909104
15665.1263069778
9914.33031896621
6390.32502347501
7769.77918921578
10862.3147575153
7126.54906357273
7894.659120039
3197.70228890818
4874.55715469074
10194.5512909754
14757.2212609709
9945.51115179829
15096.3060931492
12589.1493078846
14312.4963144433
15099.2158799958
14418.2985953322
14673.7514095115
22688.3210582798
14431.9902102932
12063.9173256134
17434.7539977988
14484.1857666905
12351.6267767079
10495.1393459912
10598.6519730522
17615.8205981447
19038.5457453223
13019.9218684835
6909.0301763384
6173.01097746033
11112.620247901
10052.0216015381
11428.5252210399
12109.9923814476
11489.6215166629
3944.64020282842
9424.98089116369
10839.940415292
11229.3018202224
5289.89194949485
8864.45248863572
11019.3096955194
7869.11486229342
11128.5921965216
4394.10289811249
9430.01546702291
14241.1551252496
14767.8713472916
10539.169388075
12020.8451242247
6122.56992719136
3332.46223025906
4953.67798836504
10924.8236564622
6362.55694074061
4383.27359482484
11451.4040555648
4726.29559021107
4283.14229467349
6811.485360476
8446.2485766509
2562.90753963894
9452.95383105386
10741.5244655103
10303.1119279667
7276.88104865982
11495.6576752994
14577.2415041138
12597.1741046847
10361.4076472964
6661.54018108619
8753.26721831128
16186.2008300633
14241.8369133726
10173.2760199429
5919.39644664789
7888.63276954349
10279.8657025474
13859.144963569
12395.4800434284
4582.59506665579
9521.7741654783
5845.28076697489
13093.0275469691
9380.58055112186
2342.88945003599
9918.57095697143
10133.2433698708
12362.7387985832
5437.84107712851
5732.91825074856
14549.5389072218
14160.5999852158
6225.70008284174
10037.4487525247
3774.79134623055
-2066.8153571159
2617.35823217473
2615.57095412407
11872.1516690174
6286.31212908018
7617.4385318908
5005.5615712471
7026.88008251396
9680.58090833554
12026.826322427
7008.34893849001
10500.9185540842
12194.2967303593
14249.0741304006
14060.4823607965
18536.8948177341
12073.7775406613
16307.1710063764
18034.5089578491
12418.8442205801
9300.88216443456
12781.694855028
14479.3135172056
8951.8277393797
13660.1645754925
9344.27137631922
11576.1717566691
11982.4529297682
14282.0739165103
10105.6390273534
9341.29916389797
6190.152662118
9146.23225018615
8095.77050335049
11730.9773795234
10424.9272177096
10460.3965610198
5891.09101097617
11414.7661937658
8954.68480077716
8464.39757628196
6133.18644654542
1877.2563091558
7869.40728682534
7264.7080280417
6490.91359229634
9836.44768677729
10001.5309199969
11217.5699552774
7998.04200088483
5942.69085642219
14304.3753111744
16786.5291470662
15924.2445867566
13782.5833199097
13291.1493047016
9628.79136999894
12612.1391311356
13864.7825670259
16554.7740825107
18614.8922500367
13579.0839597236
17039.6543231063
15173.8246155825
16171.2778287389
12949.6442716156
9513.90921439308
6697.35450583169
8121.31852493226
5549.27251856921
8396.06622496319
6675.97029412317
6880.22694575343
4288.72523043035
3599.67513671222
3561.77742253398
8753.09513858833
10814.7966621937
2152.25688069676
3493.79130632309
9098.19736681908
10425.7436750119
8695.03951651717
10263.1049087294
7976.00014224169
16099.4040681503
10762.5114522636
3554.61483410179
10517.4385970407
14683.7844754057
16005.0164931275
14969.952719507
11573.646973996
8339.64149164382
14880.5119930906
8457.3473842548
7047.56959858225
10562.6727347325
15939.2702694502
10079.6753673697
2890.63077654398
3940.87837152685
9754.25683452369
5514.98064444595
16723.8282982949
16199.0264790428
6373.68551729725
6538.74043373448
10174.9845119644
12915.6079041896
7791.07398780666
4097.45709671824
6135.27167824601
7683.67702317572
8490.04270268764
9659.61634415229
5362.18681566501
10093.2802014754
8177.41491973983
6775.3018466852
11295.9844660208
2579.63222838808
6305.32252329705
9565.50313008523
9340.39374268935
6023.09685577265
9949.57351165851
9266.43792390572
6214.75527526701
13042.3796424229
8174.11823073255
7830.58772659053
7966.24945960156
5970.28346983719
7792.51284731618
12470.2172785878
13611.9244970593
9985.1865324584
6598.50013482985
4984.87634537564
2063.7333544965
10037.1139134743
5836.72454755901
135.071560940366
5688.0177229027
7641.69857853459
9488.25906638853
8290.97084646248
4894.1271197982
10300.348275185
12457.8721975655
3484.45925491472
6746.31688188912
11650.0683499983
11708.326698054
13741.9512591111
6389.60443881165
8312.42018116312
15811.9921881484
10499.7227033301
12143.4895949205
800.761479092701
5595.69142973003
6678.28230909862
5555.86449321401
1923.52606768084
5804.69770321275
14092.9874932601
1025.55233438013
5120.01423183117
12248.480475921
9205.61428877147
9562.93399563659
5079.82394741729
3709.24345571759
5978.74153744091
6478.01069727069
8747.23892099498
9035.44295704467
5334.51102647099
6410.76276415709
5197.24482227436
9428.07193427165
4142.3346487269
8236.82308329079
1852.61144747342
-1452.31491370054
6357.13722173401
3718.58378213639
1103.71975831928
1792.34506341625
8174.24794189551
9140.95240868872
9412.07991062579
12663.8543291891
11939.7295110066
4631.9796892959
9562.67725557951
11125.4063744028
10494.3893657055
4051.30432573341
1468.37125374638
12628.1164017703
-932.891007057479
11616.1611022309
1879.6458693427
10515.5274024115
2140.11573233598
4319.48430375426
5813.894612172
8287.49061724391
10430.9046262153
180.828887263847
644.184698800075
-1781.01045216186
704.412274528272
1222.72538964037
6373.93863261341
4654.7205128815
12684.0713434163
6357.05085405027
4567.42868925688
9181.01450773562
9525.95925153
3870.6953670212
5857.99961246092
10670.102763112
6047.93899104148
9315.44588731936
5520.03108520527
-221.326721962109
10147.1015348695
12834.3331168045
-1688.8564071013
9593.42782608066
6.18990289762712
-1024.01493769937
-260.873129216784
6404.3106116744
7948.94430441077
2033.93576521419
6479.97391351372
5539.46634137294
12357.1644997153
5304.58197340026
11389.5933318677
7022.9508769413
4036.60937457133
7818.380856879
8696.89400491567
11383.5194462384
666.948381411536
-12.8073841504433
4088.99564021557
9952.68954096238
966.683802261402
3666.66640206746
6372.17966762736
-549.071508710583
-1175.87430389128
4583.50701997957
7386.14822942538
5359.67440393018
2579.40491064872
580.786204513291
3136.30439498017
8744.44773611338
5348.46982313296
1407.83212624204
6047.24896902225
6072.55567671066
9543.8279370978
5616.7810139556
5549.52936402713
736.05292974138
8647.62475425308
9817.84740004332
4468.3672339634
1423.117748583
-1949.61187284044
-934.668879177616
2186.39007062628
2101.09139523046
-3328.74085973768
-2024.66413482906
543.117272936463
-7988.06788346235
1630.92821856794
-3420.40799382577
-82.1266445639452
3287.37912405304
2463.27413935687
4311.80008579798
3325.32752302929
4532.85406351487
7303.48521845906
7145.62544494192
5588.00286308288
7772.8626217839
6487.45779171939
5600.54255449091
-1811.44263480374
483.731471746508
3208.77353662771
3906.63503387529
2036.92709901452
4558.68245301799
-1491.60961234891
919.204291281147
-1643.35210034289
-3607.23885158864
2471.73219934579
6563.01190670666
6740.34073794116
4107.0421811933
-4423.22094910552
4794.89364195221
1824.5077996138
6712.30856090649
2491.21024721649
2905.54156924923
-1067.91470788168
7681.11915161028
6386.53662231041
-2044.15858435806
419.782048634883
2661.1813358035
4189.87004279437
-748.855309347937
6570.14851091724
2203.1045410415
-2148.7180325229
804.26491365825
7341.42523965891
13398.5687896613
-199.101339064918
-1032.15717280163
2339.13745997517
2975.82911320544
5470.5676127974
2313.64240961489
7434.123199197
6766.27491639538
4111.38072411307
560.396854501272
-2863.22726078129
163.273702891126
6203.7879789432
4195.22049921046
-1535.38696434058
505.028463347813
9762.27085739737
4471.33999203742
2761.05275360594
1094.44975969071
-4491.84757981863
-5425.06873103297
-976.761157716352
2533.87371453858
283.447315506409
-224.019054898558
4203.78028997797
5511.42696063563
7986.35913461584
4613.06352640418
1486.00782190606
326.1303878143
4215.11202448004
2679.57766371254
1825.79614503056
4804.4566165889
4388.35002190773
-1121.24626977259
3903.0226683263
-2297.04708602264
2647.63121246515
-3846.410545455
-2141.31358750648
3139.62826023542
575.335116453842
2785.82260532824
-1407.06202012585
5125.6960214312
5117.34013366525
1132.53315450851
-811.475591589282
-3392.47048085879
-2415.34717208254
-2223.65918040064
1673.88507858417
-362.205083382268
-1834.13741816801
-3477.2219282773
5717.24964081091
-302.947952005306
2949.63439261076
-3698.9371519728
1446.63914952695
4887.65087374925
9.81104476931614
218.940351043683
-1641.41929749202
423.161372441416
-5062.96025661524
-470.025591329097
3944.73659455272
-2059.21162027704
488.242245139557
2157.85361748303
-779.306477842934
-3766.62620000621
5275.16589092843
6833.0264266594
7169.76302743795
5242.12123215935
4202.61180242694
-4962.37252621499
1869.02242070123
5072.42939297498
5216.92069073346
-1555.07430209452
-527.633520867409
-584.035388133866
-1812.27118108835
4404.69487505632
3462.2259657103
3565.66871912139
210.272792307275
-956.708892184948
2770.89087256015
593.245005941254
1481.58364493082
-3253.22866106372
-2712.82216716025
-1664.40760026846
4449.23387853227
-512.61433314362
1200.54000396955
-4245.662395546
1740.97241627907
7689.32585731898
-440.250908571049
857.001939939383
-5399.30393941349
-32.3326887849043
-8869.54532243082
-7864.61797974519
-5951.02011886947
-1507.52932068708
-4055.73919884131
-359.202928419637
527.81365304645
-3597.3202250053
-95.7772121411774
358.810781466898
3580.34303770226
250.247122559599
1304.30596382861
1521.92660966029
2654.70927894909
1566.65457532895
3449.76556968446
1749.10275822993
3401.09643230206
5654.49468443498
6502.43075270857
-6048.76975063803
2791.44165046382
3704.53216707392
370.522776324275
311.275715799482
325.998717550065
-632.936130018336
7068.86400354774
2039.34922118346
-2633.32808506075
-11090.153510868
-1307.23307425659
5740.34383267527
-1514.8713172934
-166.349178257175
-5305.42655104913
-2583.90324829063
5463.91130565241
-522.366332685246
-81.0465256401253
-2048.82902969111
-1386.44302844235
-1314.57796133196
-7511.91793704233
-6806.59589899523
-7110.82145686239
1653.1730499803
-1896.07086093508
-3119.36866269646
-2132.91696591043
-635.52391603972
-5075.11137855469
-689.100866375441
-2964.06442599348
-2461.71178604036
923.925816084937
1667.36096869657
7453.369179634
2.27699813319032
-761.861895957383
2417.96507330168
4089.27123787822
2986.6857415808
-2301.84092769803
-1868.802121123
863.266799803981
67.2894074363421
-4062.12523355379
-1268.29285687294
764.474785519915
-7986.97185852098
-1028.75625363096
4890.31791783706
958.280466001683
-1529.58961779263
3077.16572569768
2026.95482150252
7242.27024569642
3574.12409099841
-2044.9906226991
4334.75531685
5371.36061076168
2446.05901386853
-2847.74559881196
-2379.02458545312
3216.03888237802
-3100.29661384137
-3619.6922746757
3482.53904210138
-1623.40804064259
-8890.24971728892
4362.77882332286
-7656.27541336256
-8818.82999283651
-2225.77471954368
-7795.27275229157
-3953.42623888605
-7504.34075719778
-11105.8146310809
-2752.08744770549
-1097.42038857524
-147.534257694256
1542.86889878018
7723.13844482611
1285.80804100359
-1634.72701017657
3171.78274340025
3160.03991139863
630.568901517087
2744.57259431502
2762.88225819295
452.324116682838
86.6657521301486
832.043334167312
-695.181231333678
-3254.61188355693
-1121.36736473058
-751.089948156852
-1307.57598822154
-2109.48974185779
-3239.9645258768
-4507.53322341617
-10062.9350022181
-4603.53521706767
-8283.23781530948
-2469.06726544541
393.573833052019
1215.99493224998
-3759.46451264333
-4580.49595344632
-2403.61135664058
-7090.88934147268
2996.99957857666
-633.891725103148
-3139.88715291401
-1956.6593100207
1989.38959957271
-1607.22744308188
-624.502079720934
-4154.87934844249
5411.89809530195
353.807243789632
-2136.33213305103
582.267392196538
1069.07099514769
-2939.67186607282
-5185.71695405055
-6020.70442259817
-6502.6941115319
2699.10171008026
3281.40109844804
-913.81307886957
-6731.58608526412
-1824.92682501771
-6656.70270422942
-2905.79707573204
3589.19360522632
3518.70619084808
883.635109030287
-1923.94888624723
-3994.30120469205
2373.49471497293
-1646.65937202162
4688.10340348443
1445.77795795977
8252.25964173982
5856.37208269582
2962.7379585696
556.207642595591
30.3041460985588
1569.37179406747
-7578.33383770805
4455.67599061053
868.252262740565
1978.60528017316
1623.73971938732
-1411.75361162874
-180.260168086187
690.820111992167
-4088.09254466533
-3413.73081513814
-6178.71161876903
6291.68615114307
-2656.00618003854
-10296.5009395784
2125.57613785928
4123.61492241849
2760.57845728149
-57.0914498918423
166.406564727138
2788.09457921397
2547.08767181494
-3147.18999329992
-4380.22994623351
6755.56646612828
-2237.35580829225
-4587.24519860522
-189.839033076331
-405.779443831597
7512.63218579744
3758.3559080105
1973.49332925741
19.0737294470175
1690.3037592154
1293.5936004554
2949.94254052437
2444.60501611564
1201.30360116711
1713.03684710021
-4240.05702001021
-3580.3890682133
731.338691166033
3418.06122277677
2591.69168463997
1024.11968663567
3727.35284744659
-5763.23800847793
-4898.51897851798
-923.291222603475
-1755.94324783256
-8281.44781416276
-1771.73816723573
-5533.26068236543
-5190.63032323395
1636.68607176979
3783.74273109908
-1323.46678499183
-2260.76267470075
262.065819605441
3436.6972972909
2723.51146517348
-1810.80150179419
597.052175574468
2776.9220103092
6202.57389000464
1673.69725705564
-312.069370076773
1284.83220389753
3397.18933968987
-4015.93627245916
665.64217351596
572.0632129979
3643.90520162863
-2891.80611538236
-7092.51558779944
1686.698358731
5418.94917646448
-2894.33921107009
-3005.72696515204
-1119.19159734138
-7240.3974169272
616.708962777169
-3743.04995582368
-4019.83288030002
4774.42761326531
11535.1198801089
-1179.71883905344
-911.459623400039
-631.170127555051
-1999.04439516128
3372.99665389152
-1585.71680318245
166.950324964529
57.8584345789498
-2455.50261876744
-2875.68097737659
-349.254055805248
-2806.61057244612
-7820.66622857763
-3443.01465860319
257.8233552454
-4824.43918305124
-2560.21767639021
1093.23971964737
3481.67766213237
-243.554970262797
-150.786586974315
5959.50008072276
1855.86909278589
2099.39498822335
1316.64361923975
9957.37607304627
1334.37643355314
1988.50109832039
8210.47652073137
133.297024998063
-3004.13329917228
-5475.10348570529
1095.36267701022
3230.94209252199
-5992.86560926992
1370.17219336683
595.178597837327
2023.87456365531
3163.42397714249
8940.76178791034
5476.94706054165
8441.65097316045
10820.6180482423
6722.18089897487
-3233.67798789699
1686.07357720121
-4340.69414625167
-725.247443198076
5304.65830080416
-7914.95563219063
-2784.42636776177
-1450.01047715569
-2152.22047366198
-3830.07834681185
2082.81040723845
-120.130582420017
-5000.37386545752
-1478.80919125898
-2737.74740034499
-3610.0006057888
1906.08742753282
7011.7867467336
4271.10687215529
-538.946937069543
-5707.494027433
2009.20282909992
-6825.34693382198
2090.14390307786
4485.3364597087
2616.2858103567
5034.15838698977
4453.03318450038
2743.05952533687
-3713.5084253749
-3118.73713286094
-128.520795806269
5131.55500782123
2980.81052444203
645.250378197199
2060.06990295864
3313.31207491089
2046.19808153321
4196.77722008874
-1741.97600644136
-248.247165638788
-6058.93018145948
2377.03478772387
4691.50273520037
6038.56863747713
1816.77400911802
-2872.27452440655
561.595674502868
3444.6413821436
-3556.63909234651
4798.15011589796
-2377.55418573835
-8875.14721448432
-4201.65936891689
-3961.15536604051
-101.193279667512
6098.97128444005
-1878.20519874985
574.113869366863
4901.32193879162
4097.96470254555
-1801.57332044361
-1371.70254318164
1539.75558070601
3958.72109705365
6451.02511317556
1924.85206241604
2293.13828113766
736.496483133235
-3154.20959020666
3234.72453999794
6562.32052945313
4020.10924761628
3824.30248510752
6025.25994340977
-816.234876019033
-3475.11158874127
5557.34262898434
3034.35401198326
2813.28423916287
-234.998120209325
569.546449364516
1873.10249002943
1687.12386758429
-3270.4056302945
743.999967535284
-3549.65810982982
-913.87292409539
-1419.35765108786
-5341.15384783043
-4670.207265417
1133.47900746563
-3108.77664242293
-2833.45350419544
8648.02728405173
-1728.082753136
-831.648072840188
946.613536790727
3938.46973999626
1648.87146371267
3616.25809875629
2645.93183055065
-4760.21408443955
2576.54169032236
5466.08943434198
365.222721592337
-7314.05653054445
-1359.76386260216
-2249.64660675555
4317.09742927277
2231.3237621916
-2359.22152956293
-5647.19106357323
-3434.75144846363
1369.07001412364
-5740.8546750208
-8915.61860536941
543.487591842391
4362.26474137214
2230.77988959671
-754.847323121131
-3511.57433746551
936.103715626494
2529.80714700542
1355.26164082512
-4080.81797345105
1560.00989028191
-4328.85720198306
988.737929407427
-942.432468099189
-3513.13498248977
-3245.68259055228
3283.13155119582
-5055.19166673634
-2774.62450935015
-975.919021117953
4524.81853647597
-2959.60844508027
-100.730629746411
2349.42959462372
-481.362222891871
-259.139333380461
-6491.09066911762
-2974.5415088765
395.414895221912
-2464.58418849867
-151.998166831535
4376.65133370953
2907.79369746574
1416.72930266944
1996.70575927834
-3410.49314777598
5393.25900962726
5957.66660271542
1371.36466509198
-1349.03011905127
-1111.08196101026
184.442260893367
-392.289731610678
-38.1525479074205
-6935.47843093039
-7815.7071870974
-2439.53492246635
-1468.64601506539
-2435.67431927302
96.5884148608739
-3209.01976194682
-7801.34431764626
-6045.46323825306
-2221.82862110081
3855.21404869934
386.061397075546
1762.53747358979
1924.87867912536
2076.85671785876
2286.91391793331
917.020840851511
5920.11502679706
2521.58232798683
1758.20009127446
5020.00723385077
1406.24791730312
-34.5606969245911
4900.78955876966
7604.57315340341
2179.49783221754
-2082.47503454946
-1804.8452767604
-3115.26411796124
919.580460620773
-290.259302337711
-2160.62209692807
-347.515392352779
-1866.70626028182
-4014.35591409905
2256.961729456
8111.35458049744
6349.67842535878
-6987.44628466888
-872.672619053783
-3676.04400866357
4573.42149112189
3813.65316743734
6494.479028776
964.571666439898
-1473.05144732084
2694.21751608227
-5889.25732352517
-5140.78174044746
3591.38723272813
-1688.20521267929
4441.54981190214
1777.63326384026
6630.33945376988
3219.07488003119
5981.26517782494
-2201.73241175657
-5356.43328549161
-3906.20986125131
-3020.65746456621
3798.12479106348
3040.90298114574
2715.44326596415
-4407.03410616206
4171.38073195251
3645.30643555994
2779.59623228766
-1865.77759885835
377.956161386973
-5056.74332734404
1889.42000680088
-2649.01830390494
5764.78194637092
-5891.98839127318
-1348.46745710456
2697.12178256022
-2840.79339442136
1912.70607569297
-2949.71194855744
1132.88709376111
2076.97685237464
-1294.78583302339
-531.321560460497
5298.75517593495
6206.17566331525
-802.108333627099
3483.06515444761
5854.16094748795
6453.85738620502
2976.01216118045
6446.98074124744
3144.96527384355
-1052.86088356565
5348.30642850904
2008.36509541647
-700.519007565498
3500.19344253259
4964.08153052654
-4342.8140952107
-3392.33065608071
1059.54674998627
-6854.50871853983
79.6786728440425
-7506.69457894847
-4783.61837622936
-9540.22392477479
3079.57856807932
5570.2843186127
-2009.60838128069
-3310.61062834764
-3158.63187325409
-3729.49062362611
3088.16151562533
-1551.70897906571
-1677.18465529011
-183.936827790389
-4293.18527695155
-5732.37624663567
-1899.68594034204
-3798.54251370739
-1814.18928654016
-1342.95775619747
186.302385245525
-2322.35621935992
2332.53021728769
-2224.52602424373
-2629.47151599798
-1949.34734938074
2226.51037108432
-667.647447840314
-1690.41568617584
2294.00785635392
1785.70946182288
5516.02912593285
5264.32734942715
695.498928053494
1471.25264838257
2743.45906481199
7963.97046063961
-1466.62989495586
-1286.56042163819
746.189908297981
-2014.14076749525
-297.032496946744
-1587.55162719596
-1590.92467339756
-3324.21297440822
-2563.91377487305
474.939457343916
1314.87340272408
1728.85537902982
1792.47165143003
1768.54646152214
2687.83639653613
1438.1318486506
-2224.7362817341
-223.286718652208
-1072.45027863723
-4000.00050589186
-5119.89091354414
-2126.62822198542
1623.17183305808
-1168.56814897993
-4534.60614622546
-1965.42039361185
4261.29968453814
-2254.73902807581
-6397.821007646
1157.70511252801
-6579.70201058752
-1654.24713479752
3806.9009534412
-1259.62232859672
2323.32207714004
-1121.41635038988
-47.0510424828159
3667.13783436684
-152.251518571601
-1694.10541056087
-3160.93009786476
-2706.53648081734
-2476.44677912177
-3562.99129022648
-2039.93633446162
2773.03462442206
-4267.59012069639
-1241.34151827956
2011.97834705779
-3123.35468460482
-2035.51438902947
-2961.95823102912
-3094.3154328995
2996.26683518554
-6984.5610674459
3213.20245505978
1244.97989915127
-6787.15765044835
2419.45809017634
4452.23675880189
2800.35134802506
-1412.17335369899
-6323.0810877167
4825.91446454169
-4519.31741362051
5756.432614168
2435.24034360821
2995.39694397833
52.2055984288972
-1729.26256502369
5476.81856618689
1841.47601378942
-1947.60965574262
226.820142961388
1924.59493405783
2385.81384442654
-5228.58936382255
-3632.3020702349
3619.88325314831
-6107.39816817503
-6297.66479389964
-2855.42803082739
-460.484326662854
-1565.96133759968
7520.25178466275
5422.18218486765
1432.95129659406
-396.197288367902
1429.76493021237
1469.54438241471
2915.52617561292
1887.81753963978
385.557287495739
6442.23359274508
5489.80784337483
-2040.76195435514
-1261.93885129072
1510.3006028662
3854.25828852924
-2213.51846567013
-2240.95967085268
-3430.89682829974
2402.80804927345
2168.38015829168
-4117.3142898498
-5335.14930840068
-7440.03712546622
-89.2618446043888
2860.92240348952
1153.27992844596
2708.43691211742
-3832.33435167142
-5828.34851160645
2542.03188710663
8000.10177389975
944.451977404131
-1092.25289295195
6120.72594625557
1056.38994020249
1349.44259256327
2071.70789317317
-899.147536273985
763.878683504449
1186.5494222621
4523.08595639427
-403.872313716218
202.394683502481
1341.08608520127
-2592.00403836318
-8722.2773799203
400.259901790411
83.2959254144257
-3742.55904696136
1210.00120641284
-1287.95623920158
-2449.53498573549
6046.02948284166
617.832323193485
-3398.28732208543
-2419.68823338661
4250.38640526084
3452.14778154191
718.294230738808
568.607513643295
-3739.87673581001
2428.26314004213
-2747.91966062465
-2686.9323249925
-6185.37050995867
-1801.88486222674
-519.133804316351
2856.82864651842
1438.17513272951
1996.73067543815
4196.30317455836
1456.20652038041
2700.05590676497
3774.37081796454
-3410.93145458918
-1797.00174156516
5766.02851876981
1799.63883200179
-1557.65711386379
2443.88800775086
4221.70520127238
2606.58920972499
-2614.42489944931
2317.94560985733
1339.39737692252
1560.67800156321
3125.07148776777
-1153.4477912695
-996.983425950744
941.488867412009
4125.21050376127
4412.10834672882
869.445077947779
-7984.99500499554
-3718.71285142403
-691.144573425159
-2033.59403369947
3032.32278845687
-6605.05083543009
-3685.14047191364
-4567.87293522585
-5738.46419129785
548.144644688732
5820.35137370403
10531.2394056562
-573.956526363913
1189.83444896798
3878.05252567183
-304.70235889719
297.590953864737
-479.362506587815
559.427744126806
-3944.79753552928
-1480.33930952617
5379.6061962239
3046.65387431606
778.118792190392
1847.2597167538
-885.678437813471
-951.577627651345
2133.97264306837
2629.81252288517
-7218.37643768863
-1369.1044370174
-7632.29425746615
-715.027039094306
5174.47312043259
4176.48616590135
-3339.25945222985
-2258.16075463932
8876.50073839705
5467.9840664886
313.840458067788
3473.71654404109
2393.57030347326
4579.10441999301
7378.68611891514
-3594.31453485636
-5765.18875213262
758.081187492877
-8989.49039232809
-2232.44996713257
-388.030579491869
-6038.66801473805
-4330.05840486662
-9575.65076616567
-3507.19831154247
-4445.6343983767
1065.67343704861
-5471.79698391605
-915.317549071119
-736.617777772136
-2150.64251115356
-8734.94986960109
-4294.76053081238
-5809.83987832452
-373.903409972417
-2462.92754840938
-162.587754461728
-7880.76462514779
-1837.94294751949
1013.29640210095
2766.56043200128
-837.245210157088
382.349356964539
-5016.53165516756
-1446.72358686887
5924.67430902668
6431.65389095135
-102.523303515366
28.7368552363524
-41.9486466375074
-1433.87412931423
493.769226876521
-82.4534947586838
367.245823656076
-2166.32682636235
744.763010711354
484.593133481291
5371.80865920513
-3773.74779261659
-4249.14291233419
-4585.86469440471
3781.07236722075
3746.90516217875
7299.36803793569
-839.256016288236
-7255.12421151878
-3363.82452172454
-2442.12788751852
513.057603617863
-11322.897382286
-3382.28027751555
904.084682055536
-761.418457468561
-1242.8769154211
-6776.46479095535
-4802.16349347849
2883.8752885412
251.383248898683
858.277416559284
169.708066425965
-7325.77511355772
-138.348303954537
171.630761070387
-6024.97922048862
-1124.11744178128
1919.07291012785
2350.3363463565
-584.157197391177
1325.75450211524
-1003.83187661787
144.977755941344
1176.28823102908
517.468007368936
3788.33093848287
3490.09205361967
1544.74086482119
696.432878754611
3654.01413755696
6241.77630947241
2658.58332258817
6419.19044994591
-651.683433247878
336.309049395338
-3024.6291393774
2348.94103642876
-1450.54830137947
535.357149007367
-492.739113744523
1352.78624310221
3076.18447599965
-5150.50854120768
-8729.17489709228
-1672.95999642456
-2577.06040547244
-6732.22961402144
-2792.0143236566
2643.72838897575
2440.16479760681
3924.60639818031
-2117.31103273394
-6367.53332783373
-7591.88776825924
435.774582448773
3875.33783745411
4550.06617489286
-1381.97007693048
318.788006264829
-1576.34865935491
-550.715501984957
-1306.36680534927
-4860.63801037399
3735.93753263136
1597.21514054845
3499.94409929581
5186.45426937628
3468.56319127002
4052.62043165562
7424.054032775
3460.23292357538
5824.16064250228
4741.71376293283
-5264.53411300913
2643.63191707361
974.174911930239
175.278196670737
-3108.2010545033
-1806.71943838315
-3377.22100373121
-6776.42865737753
-6370.03556894678
-6438.29879092005
-4557.22088289776
-2669.62361491023
-1047.72216005936
-3215.5325505788
3933.78882856304
3435.35876192873
4068.17701990391
-6654.21874389978
1437.20590608947
1446.21474549778
850.552408187204
-72.440773865686
3603.66766202609
5659.54400103199
2962.95234657903
486.12783601713
-2679.21606033572
-1159.20837011618
-7211.18539371111
-577.853852896332
-845.724655475268
-1668.62786060466
-156.882069161284
-4723.15558500114
-3042.46365040277
82.9162090774089
-3799.93528396416
-1046.39487143072
80.9432942717194
1943.89619984881
1490.1383824846
2036.83651714525
4052.63219716264
7401.36475988343
-398.052734855876
-7680.41828795574
628.376555050871
-3085.30456919057
2121.69298279863
3856.00337212929
-490.894013351723
2408.72603256958
-6430.93757837613
-4188.27201161409
-3668.26219665784
-89.4568304272143
5667.36667415771
623.256995514422
-2509.48109049169
-7184.71667255044
-3265.0169776665
406.269891146723
-48.5678242311446
-1623.93301881284
-4891.71036290881
4364.74488103466
38.2196928997729
-9476.34263269861
-8236.55784554262
-9460.86812130039
-1223.74367858164
-3299.23201346098
-2824.61756187729
-7667.2952598322
2230.02362949
-3762.36931327098
-4491.15019788092
-1145.84180628
1699.48213256734
-101.354741692338
-414.327093664662
1622.23447553812
427.625122257299
-3028.6578914077
-199.366874080514
5410.1747176006
4979.33991002155
2527.48922069883
-1404.96712658407
-2366.16642875428
887.681832133908
2437.87512147558
1491.82887695617
4943.33785902587
2920.11601256807
1908.39063659178
2025.72294207559
-1768.64574660837
-6968.31026365733
-2255.76795977042
-4903.71695378365
-7627.2424569662
-1128.33252714416
392.54333019188
3006.33976011426
3538.37127513079
1566.45130722508
3791.45495215459
-4905.27174378128
-1406.74830818467
1118.28352315665
-2998.76413595586
-1771.36069441121
-1378.03053201477
-2232.00776376067
-1206.15841273651
-1234.36298335751
-4718.5913914581
3727.88983857117
1836.36008890915
-8686.93943043674
-6543.02609806841
2432.05262577623
837.829876687029
-1092.7223173709
8725.23502021432
3918.45064640304
1051.20044593126
-1091.92685348665
6578.13891928387
1326.40242274483
1684.51846247518
8063.12183511111
6604.16504034566
3901.44491147702
102.825973927145
-2781.07640071357
3951.85571981888
-348.395299637961
1553.69382325269
2017.95829323229
6075.01327576526
4774.57645552503
-1793.8336984969
-3970.59526282461
-1524.40537423742
-4330.88745968931
-7293.50778394702
-6926.26496666772
4751.88449548217
3190.67668043114
462.232135099433
-92.898815776805
3.38619344758418
