190266.85024971
87819.6451149777
-8481.33721647661
-94585.7178017707
-153710.289495849
-181856.892602262
-178104.533550845
-154635.136965508
-111671.429636117
-67059.6057776823
-13794.2845728245
9569.64162127878
22064.1585616807
27347.7067041687
23264.2244916597
16268.2804499444
15127.0572626268
20675.15108999
38772.4528645929
58841.354574216
67781.5498132257
86659.6265238009
108316.218482444
107777.056762857
119017.47091266
129932.188714272
147183.336596733
153354.231149401
153114.264731507
151483.813229199
147365.651466823
123519.976533277
109680.782676494
92069.9898708138
64196.8073188401
52249.9429948863
41753.9208710415
36804.4271116196
44368.6430301674
53621.4488718027
63957.3076561594
69997.8406978587
87466.3710893913
91467.1227575015
97289.5626515455
98963.8264284962
98217.1758090808
85819.2333369574
79118.5095839857
72212.8725801906
62235.6548233773
60142.9714248184
51034.9932908705
38737.543421327
37807.5870773684
43544.8795249769
49152.5502318391
55599.7695946643
61133.4900008368
56956.9746994992
50868.4432398345
51904.1534987596
40770.2188665744
30598.2937451095
32946.8099336989
21627.580434499
36800.8244446655
45080.4450223151
54092.8303112255
75396.9004684131
78291.9318877293
89037.6288954343
82265.5978072774
84508.912044346
76046.571660603
72289.8864075253
67207.722313257
57626.1539479141
62706.1167872226
56342.7869251022
49420.2996850701
43663.5955957692
49687.0974987377
28201.5032136158
27053.8784524454
23362.3111790282
17915.5541949641
20058.1024819386
24255.1516421079
30193.8248649844
26755.6789543563
29955.0032941357
29011.7741207888
30232.9454073801
32152.8932975236
33967.5807627102
37370.4536077391
44787.262538528
54690.3956171963
63408.4431061976
71508.6838291589
82575.9772750122
82201.8898645679
85406.9599349328
83154.5415910903
77016.6693894537
76005.6682788793
65655.2127303796
56418.9344759844
50683.8201340428
46199.0244020774
52647.183538542
55057.6432389532
46254.5869442035
46235.9217189939
44234.0860778904
37048.5012489246
34705.2633196641
34630.9071237085
30402.9470301002
27223.2882469393
34755.8569932465
34306.3532429287
40108.4130837404
35566.393671231
34582.1794686297
40473.8584469592
52403.199617163
55607.993420473
69013.259860415
70857.449538257
74846.0639325326
81071.9829821823
85177.6331007461
81029.002040594
74857.3099995848
70586.7109219472
69420.7863182727
70922.6675976291
58974.8425562926
56171.6398483207
49782.1109909786
48385.8264673225
55020.7423525527
45008.3742517393
42789.9455010346
40866.1732058832
43357.7587513411
39337.3655098595
37991.6112540705
38569.7913770671
44967.2584348574
42707.68777301
43143.7915876915
51455.6471237756
56262.0501013797
50527.0841660594
56403.0675158976
59114.266439457
67950.2218652527
76103.9632796119
71269.0942099341
72544.3958871779
69777.2378551605
63994.1428093316
64182.5502690598
52183.2536041711
49974.3490324141
47572.2806672908
44918.749819968
45087.8855013293
39146.3779915321
42960.6547883665
42313.5408107975
45008.7674466011
49897.8257361864
49847.2867453027
46910.9712494754
46838.7225627904
49541.2602142979
60262.1849496038
52714.4047750994
59290.4990337643
66836.2094863217
65700.5727311994
64667.2532293432
66592.6334906217
63625.4522780586
58519.8095343521
64295.1320174952
54276.5767493586
59845.2627388283
55091.1621653046
49376.7455691583
47993.9916279741
32828.5382246584
40883.3507028609
33290.7425503185
33341.5210317891
24482.290466194
35381.4050844712
42464.9515370558
32182.1694542132
47613.0596527608
54109.6089932213
46451.943419525
52655.7125592744
58057.6211739455
53917.03433383
62424.369228762
59501.2245872502
67245.3881578824
58565.2937958769
66049.5587735353
65389.827915256
59517.6728957397
55236.8214396721
53686.3153613628
52061.1719626887
48725.9641172571
36297.446078144
29987.1535791006
29216.2120746855
30328.4895834592
29408.9163803935
17526.1984476658
20176.2170654027
22878.3757761759
20148.8320821756
27895.4340880617
25869.6421493597
28752.4870132117
46009.6610096397
45102.5812736553
66148.6368775538
59029.8206325287
78513.601843091
74521.856464575
66099.1004028833
59410.0044880339
58054.330570893
62288.484958676
50560.2297617661
49066.8622334815
47526.2225613949
38078.4643251371
33754.1910865566
34552.497815462
33585.2165275909
25743.6315442888
24159.9427233562
28129.9446520118
21598.2843464603
24066.0238688919
21482.2705774841
19715.5419785538
32020.3193835588
29342.8734470688
32502.0615127041
40521.5139762135
40214.8760815835
41628.8054711912
44886.5677795334
46263.7505503213
58366.3529821289
46666.1301849597
45019.0152225647
43342.0947424881
37720.4589112771
41231.9680178105
29750.3182048576
35280.6775828988
37012.4660659295
28272.6885164717
28367.5411899324
28599.1143255851
24810.4238047288
25737.4024239543
26219.9804220379
22242.9928798641
17119.4406056046
23463.1259208078
29342.4103055235
28415.1095949135
28882.624535502
23028.5466646187
21926.1129086589
25349.39331836
20581.870635477
23435.7229097382
28242.2511107313
24706.5261224584
24152.5360856012
36081.9965699223
40878.7536712008
31619.6631794652
32175.9892466184
22278.1258942312
21857.9162146838
22005.6595760803
26449.2722577077
22182.5489728891
9984.3342386811
18081.0802217119
20515.7514520056
23217.1532839804
23893.4404068574
22628.7220122688
25755.1016650981
22342.231496505
18705.9342009477
26007.0606790556
20955.0174472974
23024.8062625275
19966.4887673554
18410.0352514396
23627.9455920416
14567.8647431986
18530.9812601283
23722.4483957972
25548.1967537333
23813.7111785148
16737.4474994058
12063.7128997328
20788.770966359
15842.237363369
14346.0956897774
12337.5621554247
10974.046303469
6676.34305276015
18061.2045987378
16392.6525397953
10360.9350736998
13796.1908525403
11362.5751687579
8545.58582891139
8176.64169544119
7002.63139067415
9020.6337995129
13145.1959071115
19103.9700893921
19510.0953767921
15274.2726273013
17787.4658361337
31506.2519976719
22525.2242750343
16606.5820931418
25704.4287386688
25515.3193820435
21929.9452546601
24873.6752606139
24156.7315676175
24865.6183438044
20717.300417829
14071.450230493
15190.4958526228
13861.1187535684
11583.0099055077
7420.5961210212
4154.98454656563
2754.93461878726
-3412.45862076448
8321.19456446235
1536.22457451756
10824.2840598645
8181.21878495027
6201.7238235866
10791.6193002267
12202.7259427039
8781.7042821292
11863.2416740918
9471.39592686664
14728.637285651
21088.1150456138
17205.7169164219
16114.0357272301
17940.7475980106
15489.1589143347
15637.3119277903
20223.0639075042
17259.8611062435
22312.780634841
14913.3914941042
7789.7028443373
8439.4617625234
10225.9266534206
8769.84824565387
1735.39510556689
-5910.87207300291
2900.40396863435
3388.65593088178
-2757.52670744503
9460.84207062204
4181.13544548799
-1939.16432986042
3406.96107457163
10295.5966442033
13735.3651920215
17392.8840584509
12806.8633304509
13786.7001355181
5434.41508269521
13231.3740542732
14443.4764757428
6989.52033270408
5477.26252427098
8166.63865092756
6335.57077406013
11514.8211631721
7166.8018999262
3951.95558521866
10470.217824141
5324.35737005528
3944.43165040784
5781.16654229348
-3191.14225966731
-6098.98840347985
-2261.20847152202
-759.244112870236
5619.00881168881
9121.02247407368
5760.76806908031
12370.1541149737
12193.441773188
6685.03219910516
4033.93754620396
13286.9313547718
7598.88914156424
4643.43498725742
10528.7285303256
10149.3459773828
3595.53900919979
5443.41197501016
1941.99919934519
-4494.56434725448
1320.3656733133
-4457.8618665613
-10296.6223480525
-4014.04205366938
-3037.21088110854
-1781.63647389218
-11400.8011979878
-124.534830998172
-3645.15330731657
-5483.34664620361
-1765.57724189355
-5393.96020963473
-1739.89700846328
-2475.71445830475
6287.00788113241
4890.17358627724
361.312259388063
6726.92283224908
9943.41502121162
-978.207603803045
7875.13972831864
9373.82511015259
8969.09719371524
11553.8043819618
13438.234044596
3786.80168489993
2236.52772350125
1933.58179009627
-133.540372694901
-3436.40574895051
-1287.00114134616
-6027.71142820447
-5054.43969018431
1805.00790016401
-566.006668738445
-3260.502832402
-4954.84234876022
1402.96887350924
5165.74005763177
6474.51429370763
-3517.23794893811
-2264.02193038973
8556.02009205742
1043.36182118038
-212.594639098309
5377.77578720176
9336.3000084461
-822.392287729126
1852.24550785632
7721.36519458762
-11013.2139690434
-657.371160200036
-6120.11670001467
-1619.04389404797
-1974.78182783081
-5615.1049303621
-4531.88978754016
-7280.22180280472
-5321.43462741481
-5109.18203345705
-7182.75139898694
-10924.7629220307
-2177.43203551159
2418.46874274184
593.169943462685
2273.52250954518
1688.99212400832
1762.9004416899
-1402.96526389935
-529.941602607374
9352.24351684639
4314.33721163247
-874.248855385989
4768.3594476446
908.645041743936
5422.45500618217
11932.1811373831
9838.16063764635
-465.302163905865
3132.90447963413
3355.5335235527
2257.52212444025
1185.18044195497
-1370.43104400416
1141.70535647083
12.3292745884718
4836.3695830514
-2960.92809188022
-5997.68662079523
2651.8704412949
5782.45618454154
4622.93556684759
910.890849522756
-7245.50287836942
-6563.48367173222
-2223.17108588951
-3669.86207824909
-2698.37659410381
-6807.37515713496
-10850.5884019084
-7862.7453894502
-3099.65209582615
-963.386926264474
-11042.1496588063
-577.402654621629
1697.11150609296
-6968.27805626326
-3359.88325164412
928.230522240642
-7188.56537825513
2901.11123551282
10480.8748490659
6723.71341989844
-5613.74604676201
-1526.75157584671
9314.59395174664
-1203.1799331292
-4712.74612291598
1610.50887421812
-2019.56570114006
-1158.6029662792
128.915049091628
1830.97174832959
4242.46607998491
1740.1361937931
5949.37939951669
-1329.32307352764
-8995.07375267105
-253.139424536073
-278.180823505402
-2427.10040788185
-4251.2672193033
-949.413288619915
6357.42053834929
2189.54652681536
27.9510055637994
-849.035448384765
419.638810205571
-5025.52193223416
-5146.04509632091
5264.46916359302
-8959.95671780497
-7994.37262119004
1780.54465099425
409.915764837302
-2330.79479946305
-904.087113742062
-9255.69184491892
-1113.41374809888
-8033.80077321271
-6064.96228208867
-9639.49601585879
-8600.67857600162
-3432.29949028023
-3525.39234219355
-5200.09157367557
1484.43242366495
3928.78988344596
-4915.51002443052
1006.27830787775
-2580.80034376733
-5738.59892275932
2739.61029301432
10701.3178394629
2934.23867816255
-2485.2614928208
2200.24857631871
1372.78081354085
-3973.61596546443
2592.05375646567
432.652032762148
-6639.76169496223
-6278.86120788065
-6436.98531475844
-9264.29957570256
1227.22638252832
1948.59592244926
-10024.7537185186
-12496.0028131316
4556.89761568582
-7529.61255718484
-2259.10069337484
-7805.19850383534
-5334.34681795765
-7262.71349596572
-2657.86467862029
831.181817822704
-2967.54258035076
-2903.14566381044
-5834.71444969439
-8709.78553091943
-15590.4064510231
-8656.49198021412
-6102.22165288177
-8794.87956547454
-9973.52290519355
-2911.30590712925
-3875.74136445815
-8520.94201023337
533.305613369296
-3778.30772989276
-4397.86159437076
-3911.91475886022
3219.63769427087
-968.751363135407
924.903129184798
8244.3166543357
-2443.58417014889
2348.24640253575
6226.55778214651
1145.48600866923
4100.35698681411
-2853.42724049194
1274.03296884067
-12.0994379562411
-6858.59627593965
-7991.23478200454
-6050.75045970804
-3998.09758757841
-5770.10491766315
-9062.56265641668
-1295.62955705376
-3108.73042717371
-10904.5076083786
-7348.11436602145
-3426.3353791424
-4700.35902996292
-7753.37307279445
6257.87742206817
-1848.42321154106
-3806.735220062
-3890.6153457651
-6771.44491410534
-1784.41512990944
-887.852110434496
4135.41234107658
4953.80419498944
-5908.24471513668
-4590.91412025988
-5726.37852172675
-277.872393294367
1945.54616317815
-5906.37136097352
-4830.52060584261
-3301.84311077058
4715.07684825728
-1199.41147608361
3025.83555649238
-76.7395313954133
-3399.27194562062
-1265.07154074756
1375.93317780879
-1671.76935536258
-3500.73082639033
-1993.39012525732
-4816.45178168152
-5196.54640970895
-7765.07997422691
1968.86503796137
-2587.68661848515
2765.6214089196
-7224.4631008708
-1716.482901053
2021.68794662208
-2959.22156805752
2763.87559295058
-3474.97186430791
-7773.52524370603
-4231.62274760306
-3748.42818016033
-8439.1446169903
-10009.0564773723
-10604.0064322575
-4318.4940836587
-4136.76845366931
-456.661825637323
-9012.82687531109
-8912.99097421815
-9125.82907091179
-7809.82252345105
-5301.31496828502
-1837.39104249479
2260.45108458366
-8572.03813368387
-7509.84052520238
390.437101238954
-1072.59257268984
1800.04547437839
-1490.19880998408
4585.93918013457
-4129.57536773804
-6894.18094060856
-1073.62645225665
-10246.7107860605
-6070.24469851872
-8766.62796005696
-5387.96872128766
3519.13885314388
-1510.82232827086
-1259.118509553
-3347.0952110199
-1102.93343128
4974.71078344543
2228.92468770329
2018.59639841662
-5891.97197676224
1817.21926252702
3578.64868549979
-2167.08516345414
-5361.36410809061
2698.41970584717
-1106.73519740375
-6064.25288939338
-15987.6485673862
-16405.3248721598
-8088.9014754424
-7210.60069315131
-7187.5259079843
-10756.3784096818
-1896.92883134316
-4770.54488937622
2183.07510936218
-3712.57130975341
-584.878834308778
-4584.49025758728
915.273201144014
-5994.41031206049
-4891.12998193673
-5887.02171519656
628.579580918665
2792.87101707526
-4924.69969783137
-3931.63471210686
-2800.43528187111
5571.61899434779
8596.41916440945
-643.798349152407
903.068213725643
612.758467336653
-4911.60014880043
4170.66850455534
691.439772275982
5063.83101714726
-408.821586650348
-5405.52953357565
7106.74754034601
-6960.15875773107
-7564.80159930662
5543.49554466622
-4965.67252429661
-4249.47186681278
-4667.73063493161
-8399.85769498692
-6946.16703306298
-2201.22792673002
-2227.44031968747
-3072.82127727363
-4909.88588364027
-11097.5793713732
-1789.2839694774
-1275.66248622304
-1077.39402035281
-2919.62869909797
-784.779749241453
-4903.32236207015
2534.98776099242
-1274.76055956775
-2674.96060940271
-3670.85491959897
-723.747226597966
-1884.28881627338
884.556170492134
-2772.65772051777
664.8221814714
-3178.20150999944
6373.97360909385
6237.29052035862
-1268.44466633026
857.352611158839
-3251.71460399705
-5041.94128566375
-2030.37340629753
-6108.5309665474
-7706.08115432321
-12768.8204601192
-14222.3174238754
-9800.87089801849
-706.773212914513
-4719.78542005295
-8891.15494756439
-8333.30182346328
-9438.66083959513
-9354.14993854122
-8602.13959789065
282.17515465104
-7759.19982328458
-11235.3821188295
-3206.40962210815
2878.02277776542
2456.92931819395
-3099.14547958357
-1446.70011756417
210.216037675819
-1118.6124351198
-4945.06004217345
-7728.49212225921
-5110.3988548877
-2456.37144002364
-6463.82246240256
-4078.50056004498
-4456.5016835128
-9492.93624732091
-4316.46389963536
-7777.08340425456
-310.134523924072
-6938.95570053496
-10705.6926945809
-490.756008392867
2578.8906447251
-3019.24703376313
-5665.40192740694
2666.07791648945
-2585.65388127402
-5457.37811685051
-7630.2309141449
-3880.04996764438
-4642.53407623788
3938.97261230628
1285.28362910506
-3591.29084697755
551.830319117486
-2589.80656316036
1428.40165825627
-6055.80409522576
5721.2044731879
-1128.54827062424
-4662.12566152275
-632.486096552181
-619.246976516545
-1572.50942021059
-5571.22523148371
-3227.16581570272
-1966.22354148788
-8536.42846181882
-2214.77915866667
-4562.56304538844
1353.52950228542
-9709.462815155
-8190.72895478344
-3835.92400302906
-9776.44311774105
-6942.90664493546
2130.89121100529
-12724.192577602
-4406.96761031098
-807.690885537272
-4654.34081063926
-2840.77831090942
-1669.78840206405
894.658845111451
1901.02886137915
4595.50643142877
-960.989927293772
-6170.03013654822
-8815.01344538185
-6298.24767734898
-3421.16744335071
-1588.08596044229
996.643264862494
709.500331879888
-10361.5533405101
-11626.9597714405
-3894.82223100955
-5479.73980311823
-7407.65106707673
-7804.08520082759
3844.34650722267
-6910.41639801535
-4307.88966558873
888.69149437378
-6576.63332440203
-566.205487381171
-5009.39581985943
3528.8294847235
2565.29089051397
-4797.05860147708
-3050.96142473433
1520.17648684991
-377.048771363138
-7082.89434778752
-688.628396567192
-4876.4070187211
-2241.46533894959
-1951.15976348873
-1277.29428468116
4952.38469017379
-2491.94970488711
-1614.88840430473
-5936.71445119164
-9371.37512809579
-4363.82595553034
4751.20109526322
5602.91285245008
-2133.15354990093
-6627.42673145889
-7385.29639566436
-9605.69749585592
-1446.2194086971
-3487.38560514458
-3613.18934809513
-7451.53700083036
-4850.0244500065
-4879.33590722602
3949.64045918817
-2032.91568849266
1852.36843142122
446.75765389222
-1161.9848018973
-7007.04472296558
-4048.0888727113
-6509.88829298083
-1707.89110430978
-3041.65040891874
-5075.14764278532
-354.389210701694
-567.162304695784
-6335.89632014472
-139.048520346335
-2385.16593976905
1076.98400179767
-5649.60031034928
-5206.99382420873
-3446.43633927785
1195.4030422107
-612.508770738129
3199.05263509051
-265.927100270217
-6173.55367509529
5138.20458776404
-819.43117186692
-6808.43438458434
-1593.37473877644
-219.63809860284
-5357.26836586545
-5354.62954051204
1693.89917070528
-2989.15016378693
-3483.89316993781
2225.38178107782
-48.9326652672073
-2583.72248533888
3205.5170026513
-5762.07738624224
-6619.47107524952
-1316.43255377594
-3916.65031346437
-17285.4643486794
-4639.44653509809
-3557.77067351019
-4988.29945104356
-61.9298827586559
-2966.11599495599
-5316.70943545885
-2092.2886452959
-487.456804669735
-8652.35715377853
-81.8900773213766
-3662.84324251418
-4959.57963767679
-4089.20204087562
-3834.46964441029
-2889.71615945424
-6858.50679946118
-2260.45816837629
-6634.45796523727
-9109.68949205073
1916.29314008634
-2128.6622592628
-3721.77427584736
-2413.09249992286
238.988031604223
2274.27936327741
-4701.61940929652
-1021.03313845247
4764.22115157611
-5918.45568187696
-164.801729862395
-3982.45247133697
-3772.96030974493
-7974.84427514513
1680.098418501
-2597.3649968584
-2878.53080363566
-834.95212958153
2881.14190576467
-477.465148423901
2704.99786276793
1357.43270452111
5235.95577120389
-728.636795497031
1512.9969181807
1512.53349182074
-4378.60397827161
-1057.25791971705
-86.5262902019696
1548.77477248351
-2385.29241811474
2822.02715667402
1819.89367134799
-394.28298367951
-4979.13510563191
-5560.50262227055
-6775.67296673309
-925.414410445829
33.374076084557
-3794.11482152158
3037.74330302842
643.855760682804
-4184.02971305435
-3767.52249289073
-9532.3145475729
-3417.91045570738
4096.45427816504
-6554.7157002614
-4676.30543912573
-4800.28161653212
-3289.33414691523
-299.945058324116
-7915.9471426745
-493.444574467623
8530.10263735567
2558.31767129173
-1872.92433579587
-3070.11853477915
-5307.26335294803
-2334.20463891536
-1864.3673321236
1771.80699443135
-459.671203042376
-5338.72465077159
-5027.52293434793
-397.482600685689
-1150.50332028423
-2029.83852409531
-3089.16875857761
636.79341985465
2260.22144676196
135.077089759777
-2348.9516508879
-6817.0656656826
-2420.15570973994
4156.49612749555
-3898.53056910566
-6300.62834587728
-856.474149989875
-4631.83623963309
-1953.80742195826
-4696.22872779191
-4806.74860063333
-1407.4578203519
-84.0583931258376
-5134.84972029177
-2297.03372727318
-9082.00553836683
-11577.4461237361
-2878.08437384143
3006.91555433954
-3914.33603548984
-2189.67545859885
-7516.15257604837
-7490.52158458514
-6696.50727173277
-4776.49944063656
-4473.53279892043
2500.73054075573
-3782.11166997632
-632.220796307462
-7436.62260126362
489.034597093162
2413.96119153526
-4471.89830219018
140.403810870608
-5210.92366502622
-7016.72912750933
-5717.63268932481
2127.27157088268
-2682.01753704826
-3159.16086984484
7893.38449126173
2799.36302224396
-4771.33575040089
-7962.30102018828
-7874.89289918074
887.249964373996
-1706.56221837188
1563.46421118022
-6573.94275645463
-5172.9127489304
1060.90229484441
-567.883530292643
-6304.06503902231
-13899.1591589315
-7282.48396120817
-7348.43027220184
-11870.9490775024
-6137.86985062685
-2842.90000361088
-9957.6939933599
-6882.37175914759
-1207.18549426062
-4936.67209953332
-5193.74699332041
-4758.55915765653
-2668.40128479247
-1577.64653641705
-5827.42453854826
1253.41785075087
-1125.37987497659
-4180.25986024478
2875.92116692566
4002.36180607393
981.3821341952
-2150.24362406455
-2372.44720255007
-6117.11951197024
-3241.0355959142
-4246.51277081826
-3574.31127288016
3399.60525939255
-3005.26903542131
-4821.07407915506
-3381.75264431658
-2936.61211015642
1359.80265259329
94.9588978021657
-2351.78889720135
-2933.57867012371
-9760.93357358742
-4243.37364721421
-5000.99146687726
-4511.386229028
-2572.6245881143
-6987.78159678852
-1405.80603993383
-3457.69282904682
-3635.87528986803
9737.49405295039
6363.29416988844
-1044.12799826428
-103.094190692792
3580.57776334343
4413.99804887878
701.551463144433
-4488.69243480577
-2831.10252318785
-3604.36211638855
-4461.15254964404
-5350.0006980039
-874.542741031952
-1889.84578556356
515.934180393346
-3477.57924927675
302.033517213794
-6942.53266028985
-8529.13927354125
3257.17079855241
-9477.41955575368
-1923.57945279203
778.386531370341
-5893.60117768055
-13886.6541175949
-10918.8957271534
-5671.7122418556
-3918.0204314889
945.35016978336
-5946.59703205539
-542.836361902379
-4516.84819489837
-9668.97605398408
-6921.87314100637
-5255.58499394697
884.673391814915
3602.80062110315
286.105373440821
1970.63720203345
-3826.79514740028
4612.47940540981
1397.24658467691
-827.146469394589
-5105.76995648559
4461.87775811945
-4670.83937792555
-143.532005572947
1557.12562181473
383.937946867837
-1394.95938780315
-249.726533285582
1729.20590554995
4941.80971524674
-5760.85141796861
-8503.41613687403
2383.14360872088
330.937199037817
-221.756983134139
-10747.4330800854
1070.14193149745
-247.556669153748
-1023.11924658229
-7493.64495761908
-5371.20758538235
4359.84802538485
-2017.61578317123
646.84790964683
3470.50631267636
6315.71313318527
-7666.54327057779
3932.20938630124
2955.92214737709
-2159.99080365971
-5104.71457963652
295.887054699197
5957.0422766501
-6428.73602059363
-5663.73875314407
-4424.25634677296
-7141.35136589169
-1358.25609725824
-4401.90289107902
-520.929480208559
-8281.62157544574
-5732.44457095146
-2788.78563114521
-2912.27470269458
-854.318252841505
1167.86679755201
4034.98696411547
-4617.14745974061
-11613.5697255982
-7067.95958759584
966.573711879543
3715.0572869409
-168.097750132667
-6808.19260199211
-5605.46613746198
164.14798412787
1359.60468854027
-7112.68288690038
-3972.8707324671
-3627.64465242168
-3827.82085156829
-5651.74668271365
-3209.08365806925
-3062.73248643009
-2014.26396073408
-6177.51771927384
-542.535709337818
1711.49101687574
-4732.07106675649
-3974.77974569777
-2171.75786854556
-8437.30100338963
556.703581849899
659.726829002424
-1288.43736901626
-3137.28404565297
-4165.79800116857
-7578.6038641951
-7469.03213744897
-2881.2630135794
-7300.70882463313
-3450.94451411345
-7843.9218446849
-10021.8334713616
-4631.58781287729
-5473.86417876913
1133.59364858422
-944.29964326986
-3489.65271637048
-1371.87224788536
1482.3835901904
-9696.25398817175
-9384.03280810124
-5345.37663624657
-850.161591319554
4276.47709438425
3898.29938424597
-1583.56276273434
-6837.30030892527
-1781.59557871655
-3872.09892729025
-742.346240692472
-3037.60505422537
-5877.52781278727
-3808.76710896461
2723.60820444932
-5453.07991702076
-4240.12500760477
-2689.89524666844
-2909.30254572476
-6640.42902259893
228.924328494011
5507.09534392694
-2462.54703037542
1646.10015955459
2132.6099169795
-4358.23537317721
7.0240760892593
-1398.68471446009
718.533050961021
1872.06859982961
2557.40192928377
2118.48236434761
-9781.36644364405
3835.99135021925
-2935.78528698771
-5539.36864791441
2054.21707941716
1210.03175098593
-10696.1408152432
-2972.91490475412
-5679.74223285374
-899.756609446429
891.730978224582
-2399.57844434833
-2540.83626290943
3026.33435998102
-2033.84177060529
-5265.75137449995
-3252.01872519591
-2844.05682344291
-4669.89402419464
4903.91315666431
-608.332729539751
-1415.35438274604
-6251.60371049919
-4987.53235606548
-3016.30051896942
489.451464927797
-3480.30832857141
-1903.09748754168
-2048.52174609208
-6598.63053446919
-3042.13236723552
-2314.18816672574
2655.24795362247
2025.76702155946
791.372883312934
-5602.04896996662
-4356.39743044658
-3216.29740615748
-6340.48882551253
5771.84406215997
8752.78541749052
2769.6032952233
4268.26122020573
7022.73573556532
2100.05139320454
-10800.7114552215
1026.89832830309
-5823.26560955307
-5063.43589723277
-3073.89412208557
-637.207128477118
-3841.14674181152
-3302.0393076278
388.088289002669
-7929.58920288314
-1170.06285535082
-6483.90892820847
-5835.34961187661
-4925.21780083117
-3809.06463941749
-1205.20429008181
4685.49062721459
-1437.48252895687
617.493496961392
614.158583013357
2448.63287791349
3459.72252996225
3262.95524398565
-634.917092220531
-4865.88267553746
-3033.60628507593
1581.00144199301
11682.1510221576
4010.14462526811
-5556.52297407914
649.000127629705
1284.25478197317
-7197.91830031429
-8884.53938644934
-6845.75533532138
-873.273767501324
-3078.2028299794
1188.29689330903
3665.1474635906
-2127.57467228066
-3113.97143175397
1097.74691393529
-1748.89655359648
-9682.64021544076
-3788.8205922603
49.0786876128389
536.861544888634
-2463.8735004559
-3911.98154661364
741.116962700774
264.633198943732
-6953.941125731
-8794.3620472333
-7782.39278139314
4479.34801853325
-3715.91359628245
-12385.1375657905
1012.90365627061
1336.29642757585
6517.53644753663
-3812.51027677532
-4816.81756499464
-7147.07211939048
-3389.65342070198
4915.14912132873
2869.881081278
2905.72804975899
-2101.50192423458
2691.9261738074
917.244517261476
-6022.66933686536
-562.855695506105
-801.502621528074
-3510.56623038058
-3277.55517833147
350.070346727831
-841.01282054994
1350.60870479206
-4045.81971084938
-5978.77098935933
-5082.8700186695
-3167.02907510634
-4602.30850828024
-1857.87614925613
-1331.24230030376
5502.7129373648
-1989.83711549628
438.195902391565
2236.03047361471
4996.06809590847
2656.75019731009
3774.31313071007
-4569.49096965625
6601.70644330886
-781.571209091497
-5451.40119011805
-5614.86514423968
695.882058651624
-1891.64457737728
486.122299070354
-1771.41138998193
1062.16135504725
-556.216777449627
3476.84646331214
2003.73462604827
-1589.97315007859
-512.529431394791
5094.79110374023
-238.427972282879
1893.79929904745
3955.26455128005
5177.81951780356
1315.07233461745
3355.38210048281
3041.08186946705
-6386.91036824286
-9580.46303851021
-3661.87967956605
670.865705315907
6388.56622424329
-2736.26711667455
2392.70834779242
6386.18188996598
536.16623502774
5554.85911373838
2351.7814763238
2156.22835179567
6225.17266313485
-1762.09221622652
-413.458642214172
3881.82456611592
16.6769849716752
4470.49173583464
-3410.56506379604
-6306.80639900538
-2200.37044278213
-7466.74508357239
103.115069218659
-6799.63573601096
-5320.40381988902
849.466067161324
-5270.59964920368
-6406.60092575833
-3763.17129934797
152.522162798409
-6611.45137424677
849.320358866575
3663.29582724971
-2599.32329598931
-3078.51046980382
-301.731261992792
390.852681579555
-751.833733304634
672.529469383886
2965.76155404417
1306.26401016773
-5479.66484589071
7789.86858884494
-1535.40754863153
-4907.18076756011
3782.04550043937
2975.59219436144
953.696608582303
4172.6696362358
3657.94775585816
3081.62657858057
-3834.82315994786
-1333.72929599335
1676.81426916598
-750.320522725471
-1833.09909325588
711.630027973852
5082.77952684799
-85.2083148653149
-1447.32935730483
-5651.01046875405
3868.19839789418
2251.58282670059
-6253.56309354206
748.137864261257
1765.82610780323
747.842576094762
-2701.12743321019
2664.66273886643
8530.62763858597
86.1012777313846
-3987.99297630848
-2119.01355805563
-738.744379168577
3102.50757424552
2579.61993870896
6578.28202784115
-5051.73600296598
-4668.11217126132
7632.1821727197
4874.29947645898
-1405.79814053994
4930.18383103089
1812.05037716289
-3717.44085670563
-1598.26117521871
1074.25323180634
2447.11917612661
1256.40373290006
-4142.56022439714
4814.23069345497
-4247.63634615247
-686.407210956979
3861.71283969485
-73.038094011443
-3541.66465639193
-3340.66098550061
3872.15031072114
2444.57989273441
622.798356406828
-6041.69778144537
250.126861669842
-430.132741834342
-3167.00774548796
-1273.90567933873
-697.177586333757
2808.92665976543
4747.90233612644
-2836.77406095949
3167.6151858698
-2698.10408924056
-8122.38526417599
-4297.42417884954
-4409.87673392487
-5475.77735979829
-4085.925627793
-2329.60100820212
592.972854638215
-2018.60639861603
-25.7955589756103
7646.5480856676
657.919734608742
-2822.22299056357
-6358.46971141758
2008.9366620105
-2071.10316595685
-873.394572634576
811.672374750733
-1417.9385817163
9311.80986497826
10782.5182288632
-5832.16807587834
-9671.67810419054
2943.6134505106
3031.47414404424
8091.49575026071
-2193.53889677638
1201.68560241693
5055.9099097039
-2211.73983481434
727.094479829321
-1217.10958062564
-667.653579860135
-5197.48543775563
-4523.77946442753
419.363201488577
-9723.88413215974
-5153.10944671077
-5468.56754579421
-6762.0183909702
-834.287453465953
156.067822157851
3516.07481908635
1934.32240719018
-941.914852353661
6405.08257458045
3077.68532402476
1141.83562447924
1258.22518071754
1961.80523930742
9938.71206532422
6457.95023608167
4455.05844949839
1805.91067153657
-2768.99972581359
-4140.7400616768
-1393.1346514846
6311.80194777429
-118.641114916576
291.757008910149
9954.65211820018
1776.65581555381
-1693.025749194
918.530208331913
3033.00494505132
1878.71106576732
2061.93515709965
985.270577240909
5429.2499458562
3262.77218913328
7179.36587374036
-9188.09562861464
-4265.61692876771
7876.17717491154
1972.58491034868
-863.169304253534
2208.85687619833
-3921.6428241243
-412.265813886033
7764.53452176045
-6894.06332859298
-5600.39009539239
5277.77074051814
-411.415915003342
2131.13078874422
1920.78660808696
-18.5307090225918
4721.37792708092
9046.38329215901
-3957.2951992217
-8339.56991144119
5406.86937023401
3427.5770529767
-4062.78003208253
-3273.13520281971
2757.6455250824
-1143.21143735387
-776.777254037226
-793.468635334513
-5971.92728952421
-3184.80911887546
-3530.91896645734
-135.907287215082
-3648.75602208922
6135.48738174028
2602.25701832968
2297.61894199697
-6177.79584451387
4246.84719825919
3455.01624170968
8933.01880773263
-483.797253917945
542.94247050104
493.721871968502
4113.15029925769
-967.974639795984
3719.60471942706
-1956.27129997652
-757.676224607253
-1302.51862548845
-624.456425894105
3544.93080908406
-3165.92618316224
1731.24483502126
2103.33367107841
-3272.93528900238
-6228.07380375207
-5650.43432619763
1289.29424747086
-6635.24451955156
1605.2231215025
2326.31697611473
-7344.80299717368
721.297430514028
949.192093141044
158.365542811577
-4375.89590097944
345.302404303461
3851.60298853887
-236.914058975344
-7168.81797274277
-1098.60007017057
-3044.71072225649
-2694.77951769555
-1525.1455246055
-5368.21857537369
-2890.74186313054
1911.92142719851
4138.34648164288
2860.3249864468
7041.8557443795
4042.76640619921
-769.484596499619
825.346760866022
2617.88928496878
-768.059028431989
3691.40491431791
1290.40857134435
5436.24793062009
989.996107598863
4683.35513430531
879.810501285177
-1387.55315555927
7268.31274675488
6961.91100011142
-3521.44606487821
-3016.51214573614
-3511.99663766528
2613.05983169954
12031.6798817971
1658.32806138009
3648.22351598539
-1079.99832232774
3767.17215602232
-1466.35184637466
5632.50737964775
679.554796419533
-7725.99642437082
-826.148196192064
-1267.16032594578
-754.144930874823
-1267.38672261043
744.877670578793
-1204.63146091196
-3501.92733276911
-51.3548846453011
3227.45635244318
2059.42982258063
-3182.60709721267
3331.35156771705
-3136.6301384438
-7904.08263910104
-6571.74759478368
-1886.4480820388
1244.83899220779
1666.40866166586
-2059.44815199753
4490.03339911301
3257.1006900025
2798.58498576076
-831.305600189298
8237.20364733088
-2006.62282803082
1644.62453313916
3223.08239037598
-241.197485476168
-662.913718482561
3820.97482222142
-1977.13318103299
8173.32441985443
2715.36309208058
5387.4107912173
7711.14901727841
-4295.90355725329
417.816752707176
3030.44720252483
8958.37060816077
1704.82464001078
1776.53193148199
2147.53006470666
557.323948606474
2378.20908623742
3767.06531744906
1060.17583135852
5568.56974039107
5523.66714015651
-4321.43844473031
-1687.99895515232
-3244.78939583076
-1208.82521060971
2570.19949650104
5290.97309704795
1613.20043981904
-686.296437250175
-1936.88865550244
547.712864507686
8189.25018928491
5189.27352628571
-1492.03822049631
-2921.59017932898
1753.92873175396
3515.9489901298
-1003.09611800417
-4007.68750920547
-3779.34382533891
1435.24295057672
611.946088161337
161.527475978599
4545.77198350812
-2367.24763841746
-1508.83711275258
-425.742174345985
3236.60351684676
2421.38628792631
8.69820756877394
1413.50111067297
5706.94020430723
-249.818824397666
5640.79699352081
1041.78812222784
-3745.32249262573
1500.91031979456
-4748.68857965298
-1595.89292666006
5390.45942891746
2765.88321262175
2075.72529574953
-2938.27275018668
-5895.66508671285
-4264.80599753241
-1581.89861470337
1524.3103844137
-2989.41633150631
634.873150850172
-1179.46141239651
-295.873914406614
2641.51896067814
-4375.61125447936
-6718.84133097036
-4780.97678432329
-1441.55344946853
1240.34844221526
4725.45268449078
-3934.31435496143
-3736.42356803235
277.769781550061
-3460.03494686114
6647.91793806546
-2001.93909652193
6062.13838261641
8023.15112348455
-660.166725702824
-2292.78250826679
1193.96524824851
-59.8181727426321
-3964.19324007921
-2323.02877443599
159.489239795081
3259.64419178653
-87.9475762403248
2354.99559376308
-2695.68950728271
-3729.38331220562
-5468.41681271077
-3243.48267511307
5561.59043677972
4907.34047614447
-2593.49317999652
5166.96999618186
-1667.31570706066
3490.72078979468
-280.216485280498
3761.99150367367
5637.94727488099
3268.48163543169
167.303076816473
-577.80071186519
4859.95183851328
262.7573389317
-160.303674394065
-8303.83302672128
-5334.83302219546
-2885.69967329946
6899.92737474593
-423.363794864075
-108.513128918442
733.62692505389
-2330.83708442561
-6686.07981428792
1307.4930686327
3084.26736797362
701.736965274648
-3946.48612022621
4694.72469789947
4334.70076039043
977.640824171187
-2956.51806744418
-5033.55299027618
-307.065005584213
-523.663367981863
-7853.88889680272
2518.03556897794
-2315.9869723389
-6906.4319925367
2536.64077123419
1488.96930752588
5569.02555751824
-1614.23871939424
-1374.36619125366
7458.2168978957
7393.6369061155
3089.40634657452
4326.79424366473
-3214.77471800976
-3196.72873654101
4417.90805000616
-2071.51770259756
-3044.64099612977
1384.92236927166
5651.48513681124
-7414.44666371474
-294.28449112558
280.225403096567
-3204.76064820659
-3310.60324130705
3670.43130131158
-4220.18656825254
-979.300961988909
-565.628255168074
-2139.86964800648
4092.66984043527
-8708.43607259811
-6345.71593518932
1114.63449114422
-8812.21595051323
-4189.11087913266
-4974.7852539738
2072.03365469661
-6381.92161128392
-12250.0950275951
3519.40237147894
-2504.1952279081
3219.97448179495
6330.74393946012
-2054.94248860317
-2856.90407743243
3175.68182868609
3620.54405010924
165.230114067408
2797.43592964153
1270.57573598856
2697.17060444438
-2492.31422735949
-2298.78319879132
-7261.48105273009
1886.65576006377
4200.1296988657
-2022.98040711956
512.08535858296
-4185.75145985392
432.768553256476
2869.85103395592
5012.84117071732
-27.9075364744643
7687.92863205451
11067.4404204397
-966.611147746589
-4710.20503718743
4636.56041869121
884.585631691055
697.577489617692
-6840.14700272339
-4090.19062002807
1038.70609813739
-155.001668738286
1737.33678901866
-323.936273160865
1047.03971921809
3524.25020593878
4010.0463989665
-1438.89428542582
-6312.32575653555
2114.79132707079
5351.15655847235
-782.036876268353
-1644.89566342104
3118.42809359582
4758.59127491576
676.810492397719
-125.447702288191
-2.39062711236001
