784012.199510902
660257.633360903
479816.472591428
259956.664676183
60604.8205368984
-69616.489484976
-118101.318783313
-84773.2763834926
3241.93063612166
121654.412990049
205216.372832982
240319.762225502
231265.174553432
151369.1654176
52717.2730633296
-42530.4767155348
-103826.889851854
-137230.245264997
-116072.081344593
-70393.7392418566
-3336.87366029091
50618.7198335466
86662.9835999475
87414.7365719839
51865.7897448482
6916.46625650091
-31645.3357457599
-82032.3985699338
-80095.7101796447
-51667.2379109472
2.07362592457503
61669.6871791708
115140.642635394
145510.987174123
160032.225380389
144166.370579637
125640.438987793
78300.8705775961
37036.1458743786
24772.2701190937
21922.4602258472
35851.594483939
65219.4401429859
97984.1132824555
131848.329234406
164016.150293435
190985.848093946
192595.528806287
186148.933715345
172489.178041742
138767.113177609
109229.033039428
76724.7492926634
61389.4269869296
60574.9944855683
49278.4882656998
78524.8077382091
117915.327127701
148033.263338836
168222.775038118
168122.828696532
150130.427515329
124464.984874598
88367.8782593655
63183.1283219919
41926.855717767
36452.0831965447
51817.7130383875
87308.9042013263
101053.152773394
137769.95122328
151292.319165408
148787.113314401
145431.536434428
124366.21103707
108855.191041465
95285.014144509
88926.8941718881
99745.8927154937
117674.684566952
126595.829186441
144355.418691399
153336.872051685
133007.661038624
111437.145694203
99871.3282322741
79129.0391883654
70352.0355269103
66992.5472801881
79148.0766793187
82521.6333353238
106813.710984546
117444.864287173
128461.08639313
105844.08317479
100474.909086555
80338.9016656479
53519.1471127713
38554.2307817965
35725.0554227878
38019.1379694963
58830.1480451386
74554.4548879444
83848.5416119224
101136.757502609
98540.302583406
94220.4119957606
75087.7582128381
45350.7354869014
33926.6753078415
32102.9299292016
38788.9877857904
36608.929086246
45259.9323332747
53099.6008174773
61662.1862357237
76888.5466822313
75716.0623337854
70429.6882699405
58222.6729985664
55018.7391503433
45039.3961368577
35524.9483459277
32975.4693461299
39622.5279538851
44178.981089646
40573.9578692876
45112.4949030714
37751.9592496015
39817.0302310025
29734.6227133672
35742.5678864994
26982.8430606381
28647.2073460606
20135.3368155001
21290.782814465
23159.6485115637
25314.988622522
26003.2294199221
17539.4358847247
18291.2627516884
10113.5891347927
-2313.53393466646
7310.77744277202
-238.438899978108
2965.60042288261
10187.8420044261
12283.3562606643
9285.10889993033
7145.41636471617
9152.36708177189
1145.26909331003
1369.46124343851
-14186.3019404303
-13779.7672751887
-11290.0922869262
-11238.8457046895
-9792.72434533269
-12206.590925508
-8245.83753810886
-9424.36491092595
-5314.83296037922
-10316.6575792145
-6847.41398973818
-7197.0102695647
-10991.0213904378
-14768.8124224768
-12863.0066781511
-11687.6140445888
-14448.8554535028
-20991.0935443373
-10521.8806898994
-14766.5028145681
-11941.9916607931
-17669.5806989345
-14836.5608767191
-24464.9248775642
-28351.9144275366
-26531.1956381917
-28462.4326150829
-13465.4812092541
-21154.7769981518
-14882.0436788043
-12049.1512104851
-20132.1601880159
-21342.3342092181
-23983.4899945365
-20339.6408862716
-32340.6705699649
-26675.2592505237
-7706.38842293743
-23621.7744139666
-22952.339372808
-20261.7440229599
-9965.1943861027
-8867.89166939862
-15308.3451160974
-27011.0144211593
-36166.1350437571
-28426.607550715
-25252.774751866
-34585.7570665722
-31499.2624602028
-23642.4083834052
-26406.0425185711
-31808.8662511451
-24646.1017580504
-24787.4733788985
-29353.2002444042
-25834.5591863884
-33567.2547029631
-25409.1993138828
-22843.5677909238
-22596.3446606823
-24912.6089239309
-24615.000460455
-19242.2472006487
-28828.8205659452
-19724.3707792845
-25283.8268232897
-19025.9956846903
-27280.3347839751
-39933.8756470446
-30421.8137058178
-27964.0416400354
-23066.4129877174
-25780.5318881069
-18002.6691757064
-13940.263827648
-25172.0612609235
-23266.4213103151
-29793.4994515727
-25983.1642909117
-23933.6372924418
-29696.0842882445
-26774.6550601821
-26616.484141224
-22967.7360590069
-15519.163160321
-11651.038484236
-16947.7533868144
-20490.9422010486
-19447.1893765115
-28834.2384672365
-24480.4062433013
-15233.4125006466
-26153.7564546872
-26455.3031196352
-34200.5951923124
-23770.5783391137
-19412.7836764191
-9746.32751681229
-12056.2834104612
-13832.5803421739
-16960.5921173858
-20114.8891469349
-26006.8559085949
-20440.3746889243
-17059.9407758435
-25816.1126106827
-19922.6399165707
-23977.7480664225
-17309.7543650855
-25235.3410672035
-10056.181297023
-14164.3739920806
-29300.2402627754
-13092.9304286337
-7131.85667612902
-13066.944684109
-15036.1566661956
-20862.8393272058
-9198.3182844994
-13072.4950944951
-17901.3745486883
-13252.2507626739
-22966.4956007988
-20420.1015006202
-18213.7370067384
-22438.8212155873
-35533.4310787223
-21006.6043361063
-19313.6683414559
-12995.9662285224
-14313.6702279102
-10555.7532052464
-15946.0178161044
-6139.14877045408
-5984.84333513908
-16576.842724038
-19931.5335613518
-29906.2176135781
-32393.6983021066
-16937.4156227062
-26300.2002691948
-28011.7163656452
-21959.4384925769
-19161.038196282
-14335.6897674632
-9667.54187910553
-19740.0180022775
-5667.80275053321
-15879.8339578258
-32402.4827075711
-20015.4139231315
-16824.1330592021
-17725.5486816561
-25072.6253803813
-21102.5959232641
-14850.7368836542
-9499.57665892718
-21221.3678692116
-20008.3455201315
-24073.0886060426
-17095.5566962711
-13255.2365707585
-16411.8789874987
-21416.6071618016
-27127.9121823332
-18951.7970786524
-17000.8887995189
-20934.6193670274
-19739.3068171859
-19591.5941540756
-17211.2911879545
-19819.893123904
-14370.7428013267
-14310.2585623373
-19505.4608448219
-16729.5462470999
-17217.365622129
-19791.2669034105
-14633.617816884
-19561.7958792544
-18589.2062536575
-14146.4876354306
-21489.917290023
-12987.3740133684
-18671.6119754398
-19891.6224161492
-24160.4853575488
-20944.438110072
-10874.3672831521
-17596.1358191246
-17176.0575144022
-15209.978669921
-25865.4550008851
-22940.9926731869
-16430.6217656614
-23521.9768069632
-22869.9936741836
-11954.1828290085
-22300.7833479317
-14369.0570049066
-16972.9308637847
-13338.2186177894
-9321.5045008452
-12727.1816693961
-6687.44203482434
-14538.4019263278
-15307.3233617084
-15192.9591382671
-20489.9464056974
-25329.9216200154
-22872.2483267173
-8693.80179059023
-15148.1498730596
-23584.4048153022
-20773.7582009877
-6810.20138392479
-16853.2169678263
-20767.0861470343
-20695.8135580127
-20176.5266060462
-25904.905189275
-28195.7538910852
-15250.4100575569
-14592.2002759748
-32213.0502097597
-21238.9091141774
-8568.68885758074
-18459.9617198737
-9068.98551370789
-13997.9188627468
-5405.54697773185
-13883.1014837206
-13707.1587767675
-13860.9798022922
-7669.30907661984
-9644.17730399611
-22059.9246234973
-6792.70658987802
-10513.3919561104
-16341.8702111268
-10600.3545994065
-16283.1226703484
-25667.218402745
-16094.7313950575
-12301.9218042144
-11094.1989605422
-17224.5183921042
-24578.9281774948
-7444.90055345414
-7909.75718159756
-17848.1118816454
-14924.4859163589
-13885.737581084
-7602.48303411567
-12193.2352704531
-22934.5625071425
-8940.56145317641
-11707.0802205639
-4695.82201120915
-10179.4487527473
-13483.4920449142
-13334.8449770958
-2309.63499229451
-7735.88444377203
-7950.63336317133
-6948.09685370595
-14750.3134313193
-19177.5578387338
-5850.43578853238
-16063.6905354588
-12196.3375518138
-20120.410473609
-9748.55229458594
-24251.3829921105
-4894.56243566408
-8782.92388255579
-15346.1530010673
-11910.8416430449
-7342.80298285503
-18446.5321160412
-21544.7170621959
-15053.4465882074
-14626.0134861739
-13821.9398292991
-13795.7513896273
-9535.93648640306
-15509.8075308412
-11303.5519127988
-5645.36826187764
-7523.88633356421
-19251.2069292933
-6885.63928444928
-3879.76793641777
-10129.5532313583
-14108.785866843
-17202.5463497591
-9719.23279775792
1940.61505461537
-9317.56398151189
-5651.23514227565
-6792.36861879505
-10122.3740480781
-17902.7312085768
-3067.2173589506
-5119.18076720446
-8413.57331434017
-6464.66086180315
-15858.7664963721
-13653.1647305907
-18071.1599324649
-13672.3061433018
-5569.17506641956
-16499.7811975477
-18378.3039486787
-9942.25723770427
-16221.4233958789
-13119.5719275117
-10237.5324251893
-7267.27963857674
-15196.3586148643
-17086.7490789499
-5722.40048782547
-9529.20921715512
-14397.0757933784
-3180.86397736556
-12045.4219113376
-10811.2585080615
-12183.8406919587
-10901.6481135007
-7864.53027074562
-7409.97206122357
-10170.4648062818
-5298.97344274132
-13478.4369257613
-3008.22792644474
-5511.0827862514
-14503.2291628261
-8128.95136461367
-13766.5034416542
-27713.9645060181
-22563.4384329209
-7266.21582300005
-5323.2319939893
-14093.0211016449
-14519.0712704163
-12024.6434276641
-10318.3433448927
-16314.6509812614
-11006.2720432121
-5015.13509383021
-5578.9035964339
-11307.6176863409
-12336.0936409388
-8753.12400462164
-6587.55651255997
-8594.72285723992
-12218.85162662
-7223.54404214071
-13397.8086929592
-15226.6606085782
-3586.93389901598
-10002.9653151517
-8873.16049279067
-13703.5719121862
-25127.4415746111
-17333.3703264627
-8611.81498529247
-14073.6693834179
-9277.06589255087
-2393.51770256722
-14250.3897879419
-7418.43348060691
-14842.8698220156
-12927.7991827101
-8478.49715283179
-12058.2394380523
-13941.2815812788
-11326.1727193736
-14841.0818633236
-15883.2546054226
-12820.2581034591
-11687.9574067469
-12450.3119944082
-9081.10419007885
-8661.43211908291
-9756.92801603087
-6468.51857590174
-3673.01611419621
-14388.4308591179
-8183.78397361369
-3794.06493290519
-13342.1147600671
-17044.1061902572
-13608.121048503
-4346.08184513191
-10266.6591886593
-12414.5303896054
-12448.0716324692
-8029.50124320889
6399.51176896835
-927.958952992842
-1630.80446884377
-2118.92085404317
-12391.623238648
-6548.1107713163
-5981.40289053318
1090.94188556892
-10732.4833516854
-9668.96190199862
-6488.25589643006
-10521.8865788276
-12775.4031129157
-6963.41267105698
-3703.82625466011
-11788.6550508966
1761.5950775923
1158.56251359474
-5730.39173385353
3434.22465642484
-3847.63445199692
-1133.7827850869
-11370.2788508608
-4071.66649470031
-2045.50956750728
-1309.26641205963
-1409.58705147181
-8883.76497731249
-4009.25918212058
3223.1453326192
-4561.17158175004
-10243.9846671433
-944.483793467608
-6587.39346223025
-6998.03881235213
-2710.11024430934
-4622.48176252886
-13422.3257301058
-8574.64284283697
-7343.04942561937
-5290.71031542749
-3962.57328181923
-10652.7444656668
-7645.63732033693
-4903.30903864649
-854.330096840747
-2194.35165991722
1220.59099581844
-2318.08118852174
-7781.34320626742
4335.30085423028
-365.004899812117
7113.78388891521
4985.82154327192
-380.900158759824
6131.13200228681
-1872.01773516033
-2387.4433089748
-6163.84496852846
-1946.87211586941
4788.90283043459
4732.30623510046
-8355.39009688158
-245.177632361476
4108.91628191911
-386.673498535674
-7362.44842999828
1425.76440101911
5313.00956064471
14337.6978289473
1172.81537474104
-7124.38237185526
2538.28488744948
2562.55129843249
5099.62251986401
180.962759500641
2788.29443327664
3074.42736974705
1091.69502876245
-4797.90377527849
-2238.91638392126
4668.23124505726
7481.10736545006
1177.55575389248
-4375.87460874894
-22.7314026186891
39.1789606156749
2170.43720354644
1043.48783755848
1073.75979988431
-1527.63568902984
-3558.9888369831
-4754.99535638647
-1287.2324233571
7560.84443409904
-2512.09364009059
8184.74174550992
3120.020879571
3616.10869515741
-502.458021749236
-4265.09174974049
426.29237415654
-5544.17619097749
2443.73450283162
10645.4266760909
5493.37792012728
585.364024879848
-3438.57809139649
-705.311241752405
5559.96626351932
6972.78338132913
-4084.01810258534
6602.78401542226
-710.786943597662
-5225.74384800856
10994.8627343779
5589.12581825828
-3156.42145946269
-1831.86969994689
-4355.33563901501
10849.960831594
2784.21924549763
-4557.2194101433
-8284.61568840531
3470.59698016024
2493.13637828777
3034.00052628243
-5712.93887991255
8321.62731677687
-1511.82401955203
2643.24476730931
-1538.82863064932
8739.07678968319
12037.9969697122
6199.44488232606
8153.07869454043
8086.62378364837
8163.14653225349
10265.6878387736
12730.8066677903
9190.2474047368
11433.2974591769
12250.0763039691
14347.8733943209
-8724.02473106156
-2793.42326697566
2283.44521902036
-4091.51842880867
4888.83781297149
9048.2910473426
9753.29613724665
-747.852065319677
4916.37624409375
3409.65880162251
4745.01544411633
10788.1324392355
14025.823691926
8269.41150748605
892.148713337905
5150.6901841871
8000.54753259174
7198.19333301643
14791.2844641195
8042.24951840818
2372.21988154715
1955.81840204452
4578.31256985869
-869.902925970847
9766.12934087944
8712.56578116057
8290.94713557886
3397.88229622011
9497.85354428487
11591.8182819042
20304.2244594188
5678.56986733964
6074.24947769231
4633.00271575654
5307.06210023183
-1829.30277236902
2831.16706440581
6976.48506542248
-3162.76954389509
9705.05872632458
-214.268172188609
6769.06140130262
8136.68217974343
4514.87570430042
-1111.45849820585
-6500.76433383179
9852.31613977856
5570.76157775191
1772.93553611968
13570.1381901466
9234.65938123239
11883.748203158
2635.70119505436
7991.85095143499
3498.04850166393
4588.48754189189
-4735.17776169849
10082.8474453003
12335.796930656
4229.22018588775
3469.99132952538
4036.34644869209
1158.79054824805
3434.09794992766
-3103.76957309248
6749.09834913982
165.104517186015
7696.39721833892
11751.5961996566
-181.688648620689
-6122.32056429807
6722.89275930258
-786.973607159813
3491.57494386952
3560.6220817977
4482.12323189276
2126.89913762454
-101.545990715956
5268.22532595674
-274.29514169378
4151.59861332394
1420.42075399738
-3789.97604954304
-645.845849245304
6714.48605582384
6274.40897427737
-973.89516466954
4848.79783605471
17001.3222528642
5977.68003858468
2570.8822580329
8618.54198059335
8763.77656602777
7558.22632111363
-589.096866781533
955.141473147283
6470.68168926231
15390.9389603401
6960.01558853424
6447.78231758158
3930.16668542056
10439.6049467146
6327.2269333031
6897.39675049365
-3780.36964440174
7285.02890413484
7098.41899284758
9804.26348027291
14968.9420691356
5275.80417474942
-4715.23435508093
-7452.38708199772
1005.27293599559
1051.89601413208
-3543.75881645359
5432.68865459806
317.02019900077
-2528.64443022701
729.261546008161
4923.59148501633
3946.5318586699
1137.50661812918
-3247.00320253526
-242.688464212344
-1995.74308925818
7636.34278799192
2480.73496723545
-10566.2392757476
2199.83573327134
-414.428356700533
4131.01270606011
1637.88687071908
2965.82308508289
27.1754296747663
2689.01427099139
7494.15518384591
-1116.81409276364
1024.63910336841
-2859.90643963736
3949.70617000793
-1176.23891089472
-6074.37688941256
3769.56264791071
-275.397772673909
-3338.33848169912
4452.19354474278
647.435736458432
1441.3482754157
-5759.09386112774
-10393.3047270309
-17059.2175077691
-10535.8631861518
3575.96888142745
-5362.5011084866
-4040.47686895626
-733.735920767561
-2077.73450334266
5640.58282691525
1458.25166851349
822.630411600317
294.034343272242
2218.99710577762
-7069.36723269004
-7756.99051299597
-3718.8472074697
465.940978394501
-6979.63290426527
-2036.56960625187
1651.7179279625
460.063983682093
-6778.03854964704
-7613.32431497623
3288.63044031979
-1605.40269116587
2200.77386381574
6874.11886115054
9050.30201111621
-3543.63368854734
-6272.29630321249
-4548.76190766623
-394.432415391969
1633.97092138185
3872.87416375977
3161.44942042234
-5167.74047320697
-6192.31648050394
-3711.45705461859
-9280.65519536916
-7381.72818118261
546.284641120185
-104.076064528506
-4069.28731999699
-1713.16405103767
4346.82627045852
126.124739149911
3882.35922039423
-1537.38097808101
-6506.35546802166
-1086.08410447482
-2399.43093760736
-450.337599564409
-3952.40631585662
4187.64241029744
-8115.23074398593
-7910.39008566766
2962.15378313566
-2918.37851287107
-4702.72935077745
-10480.960113414
-7206.21177847304
3758.0297383953
-9826.34110358721
-6961.796769312
-8495.88607525847
-4998.34511971195
-11841.7331624861
-6194.10484152262
543.322431551056
-6002.46811284992
-4375.20688376654
-10346.7033899572
-3072.96914465346
-569.74829982362
5721.82524442335
-9203.14566883202
-1418.73645852363
4291.5262034373
1841.60041248917
-2626.6443802802
-10524.8545352441
-7258.71659692755
-10028.9562554378
-7543.31245374402
-720.073893962474
-10215.650752288
-7018.18494563866
1685.31994574149
89.027249904678
-6941.95507680333
-7944.82839441585
-364.98303171918
-949.625871622663
-1933.00916480244
-7991.57348618641
-355.551220023337
1916.72657082723
-1288.20096309616
-2502.35572951358
-3127.59347004961
-85.5957451210272
-363.746449739956
-216.237489270021
3645.91666661595
-3307.18859598596
-8551.03089596403
-9669.78747640057
681.090214984951
-2374.18931453506
722.190075370316
-11246.0202826775
-11550.9990965832
3732.73398860843
-6083.02178498447
-2100.39990853988
-13237.5436666225
-2712.00308951438
-2440.01129565255
-10600.4723417581
905.715626622512
-406.530904161886
-6158.45907813211
-11589.9259883217
-6903.07357227913
-9219.83316727181
-10199.9070145838
-8303.65207563903
-1805.80303321388
-3532.25871882484
-13713.2020859302
-16553.1043376286
-4153.48729179429
-3727.48918995315
-638.234565177456
-8368.49250707741
-9594.55047377942
-9733.07538898738
-6053.3297106004
-8525.49280652433
1779.58760760828
2664.94375573508
2251.05225394405
8217.42194685083
3095.2390712337
5139.57664259261
-4231.01104998753
1871.25294826796
566.280000295184
-6154.95580638443
-18720.3802302081
-1979.28129184315
-974.894813381843
-7198.49518302574
-4815.6187711954
-7991.78089170198
-632.960552309581
-5570.61456408589
-15496.0257277115
-6116.01617847325
-2433.79794021829
-8519.71874215008
-14395.6627091071
4726.58658369297
-5320.53560532833
-4774.95216482651
4973.70489960844
-2594.51055572577
-4899.83733248209
-3036.84959276677
-1308.91205805415
-2812.88932059144
-7411.42534572796
-7046.16134244793
721.191486970443
6897.08721983316
14868.1084350511
6678.35436589026
-4306.26815345217
-13523.2025245405
3507.27074095111
-2467.29693097274
-2588.03773285909
3965.03444575648
4957.99244873069
-958.088425428411
8950.56931398666
3769.51283319775
-11789.7090487751
2813.25826288917
6824.238840631
2390.71478109906
-1421.93488216154
5072.8150997928
-3814.04646176123
-1803.95516068309
299.711933172825
-482.197059074158
-10060.8178422287
-6039.2448009719
-7403.42665169137
-17020.3852417706
-8834.89758051535
-1236.63135951362
-9355.78300499711
-1807.73570289146
8308.52012901092
1357.8292367579
394.567396191111
-4542.17613410135
-4047.89869895538
-2315.95205560823
3915.9542081903
-4789.62056816654
-5245.60764871038
-536.102906116047
-3397.80919381275
871.265008284989
-1432.71236252995
-10857.9465691686
-2116.40308494883
2942.099623095
-491.494352531441
4655.76878457081
2553.49525736271
-4672.0120123263
105.441369968058
-2416.98807818572
6969.94146867904
9400.7838793497
1669.15831845166
5503.49541067551
24.0931354614613
7754.39854525519
-346.440518809586
-3001.99725608519
-5185.58397268234
5007.35156784617
3985.50607553291
4078.66728531116
-5765.94306102924
-5051.16651865614
7362.84790046194
3422.2893680341
-5716.18519544244
-1327.12356661964
-1529.46550205763
5178.73194062473
-2216.61681261759
-6914.72636218365
-3785.3509398572
-1438.11189687045
1963.72084378937
-3018.9109880768
2978.75707164016
-3352.75323863977
1695.36685319442
-7077.69344328988
-4846.79992511939
7266.67400052084
4105.46217291899
-2097.50521818579
-638.185619463575
-8816.99775649774
-12878.4829488921
-3950.60370429989
-1025.89456269984
427.04403017893
6501.89918019162
730.48703851191
6309.84415569562
3175.884694675
5046.6520700159
-3663.59172195849
117.898995148919
5763.16318720016
-3396.45246788241
-770.932169188277
-965.78415039955
1106.18325809857
-7057.77664752327
1207.47548080188
4833.54966885518
-6523.45071582484
-4528.77835508324
-3730.62125983796
3900.55484680526
-4981.45338141705
2944.97147916225
3237.75335374893
-6645.77866057033
-3365.01595537778
-2083.49287490864
-1734.86800825902
-12086.7896116066
-17759.966543661
-14062.0692948505
-4182.70258166718
-4237.67893558607
337.841340763885
6407.22941704169
-1923.72940944251
-8952.71798550421
3619.44006175373
6003.57261942649
5020.19508530531
-925.995626564686
4968.34270085809
12009.076938453
7930.30144731073
4574.7121279703
4380.98679674871
1412.88673208246
5313.72314182209
-4250.71722445912
-773.471863292018
-4720.98057767875
-1832.68994679486
5493.75331995792
2468.28132056123
-9482.28246467882
3953.39320551321
10158.5228480768
-3263.16382779525
2152.41650673788
-662.729240247607
-3648.03611205005
9129.20085987366
4520.81571291705
4235.19360985116
-761.170540846415
-2143.02935660685
-7179.56354999316
-387.952402284391
-4872.51470029067
-2365.67549808313
8460.19085660556
8511.04181308021
913.204735621734
6206.0961448446
5684.5588620951
378.460067609187
426.486359043988
1510.16262786964
-7187.68159056925
-1398.76093837907
-4033.24213039061
-1787.34804498146
-3351.70390123756
3231.07777905251
-3279.53594308423
-6480.53194206686
6012.33758533226
9017.89465353585
1483.60454554503
-2750.37110191205
387.023395053313
-2872.21215432084
-6815.82273099954
872.80251857839
12982.9914181235
9383.85272402914
-6139.07724305403
-75.6160695569999
398.508199877509
2982.58771632661
5093.58751196261
4040.28812202129
9278.16739014892
13028.6831762067
4552.5807590668
6423.60880936619
3258.54213075557
2686.79325278688
-5509.82425899792
-573.304559626699
-2011.66215249432
5271.63115603514
18164.4854744547
3660.34507641387
-5931.29671924239
5757.13223442086
-5517.8519500738
-6027.19453367491
580.201027942513
2822.54145154685
-4872.18247227659
6162.49587242365
8704.54284004912
3519.03749710418
-3373.97302340535
958.954650084854
4149.1481885179
-4569.03039975166
-1866.00464340418
-4244.52995131056
-4152.27694247901
1574.59549475941
-3055.17607359024
719.978385808432
-3830.1550009613
5597.07516950235
4584.86204905842
2010.63984689246
-1364.83847784469
321.802284005466
11072.0840966985
2706.96797486983
-3461.77432480266
-7660.72799602075
-7058.01460200907
-14854.7417807873
3479.71787813135
-2595.13839046185
-1697.2706062576
14748.9441331142
-15.9919224144333
-8122.83951268151
2545.27932460209
12101.4135300117
3441.566648781
5176.03813366347
-4296.81015844256
-7680.62405023386
1865.0865883338
-5712.13928487423
4747.07423921618
5741.84323755916
3104.9574547325
-8706.93655899241
-7349.78500001287
-4243.04840771914
3519.27543187556
5942.21718327329
6531.12756579669
3513.12654158348
-13.7292306500649
-1516.49316327513
-4769.16118164128
9679.17669986099
5702.4518706652
-5525.53219808861
-1428.20783694899
4813.61726463091
1796.90303531417
2223.35880641765
-5559.80005583354
627.456690883018
12834.8164056752
-2995.55229708365
320.842938093344
2118.53079712421
3296.83640631281
5969.92349513235
-5781.47697174325
1731.01644049448
4974.9445900836
12297.3858856552
-48.512456011217
3021.79423306882
-761.671832666676
2862.23814760716
9153.75052675009
4040.34210037113
8842.56394843785
-341.856392471806
3249.08419517947
3052.03821971737
286.81942052336
3074.40843465796
7824.83809917154
-8902.72591222491
-6824.17490186594
-2412.00988819336
-2747.30700648078
-4187.59406050818
8645.56378846622
12132.465823047
1208.78977743331
-4228.9396902995
-9361.83225106072
-3778.27535948909
240.901678067969
6560.28924158875
6838.48770242436
1534.21090600376
-4795.50008810193
4133.08441945348
-79.8940494376229
2357.36841038826
-2520.83767156501
2292.21657730418
5457.06261471231
-4363.13566302722
-6707.22742375585
-2946.78083637146
-1131.94442801031
-1184.93109733565
6836.86497271938
5884.60540657686
5446.96724251102
15495.3751756958
5422.84314163651
-2486.58633466995
4540.499596292
-3470.03491755406
9785.34949689871
9489.45315314595
8115.04120655025
5478.92900413154
1332.72137031112
-1260.88130056776
9384.2747041296
8302.61216486183
4803.56300141046
7433.58276160972
-4492.81674640116
1269.96278582375
-269.364817404267
5621.08518474525
9430.53942526319
708.534795152685
7054.58914711825
15857.0092085624
3360.77272520931
-5670.94405370353
6983.64806041273
3084.1347134282
4119.32674824316
666.194530404288
4220.45158895807
-2257.33587008796
-951.774132302422
-8932.2066281728
1339.9735525559
-11763.5021870117
-17671.7268619227
-3393.9195655749
-7013.03385504663
-15641.9605413199
-9175.70905340326
2671.03516551059
-456.633808146914
372.586304238083
6454.36434663912
8408.94595065758
-2773.85553681731
-3695.92615188276
2596.48555700868
873.893846506744
-3950.18281688425
6905.56565475043
5954.59916941255
-2241.57012536441
-2215.17019897495
40.2239967859852
-2500.64738746886
4196.39250653907
4417.44317723638
1554.63078216761
2809.64466100309
-1591.32933851734
4055.75541654498
-4421.67171519626
6610.91335903009
2726.50131809667
2417.45714129802
-7349.56840216915
-6146.38235701714
-6774.89993342454
-3046.51546704827
2639.49725061188
-7104.77919703429
2987.80478952553
-3930.85596975127
-10312.1819334431
-2275.49208593083
7185.73276839204
-1928.72046436298
-213.668490309842
1738.2363657928
-5566.29960985946
1446.01161435565
-130.709231244495
9589.43234051186
536.613051109303
-278.433009773325
12986.9840073964
-2962.17182829788
-415.268855836665
3794.4263772131
-3305.58111657855
-121.325597847309
15292.3939061878
7813.90753135215
1380.27328485116
-4052.86172508447
-7910.25456545141
-6171.04943351651
-1926.51130906627
-2713.49483379816
-1817.73153015111
260.058523998962
-14710.4168234936
-4885.25145543108
-94.808051232143
6323.53691356634
2017.39978339886
3184.19062201472
-2179.59845591059
-3296.44975095583
124.407755198559
269.043435958085
-1689.04004696908
2488.14549414304
681.864296841151
3988.81805133588
-533.276747643968
-2269.5884122895
4503.09261035479
-12350.466564778
-2405.58810079026
4002.55375426048
4300.44647235548
6837.2782144117
5055.14774221378
3637.86584422473
-5784.74746124604
5233.25024751505
4623.39376611954
-2622.38479617413
3610.98250645348
6432.18945315446
1911.60431707965
-7825.8289187115
7234.79670176496
-994.161256200413
-7152.87019139682
3874.650458458
6075.89952389488
357.925606918985
983.621343414172
3512.26937928807
-377.312302251084
887.759151133269
4504.65742273678
2844.28117133681
7467.85196666886
3734.75141728148
2612.05511898548
689.020130496086
-835.751342313702
-2487.98563797935
4085.5932185087
-3192.39564155658
-3118.61622606731
-4468.47169353716
-3901.92205232742
-1850.84172668451
-3968.59679283494
887.027648699143
3009.18624131001
-7020.86366669828
5312.73980232342
-4122.13166686904
2925.40403843377
7522.8794535462
1059.81109838977
7882.65565963711
4129.72808738687
276.20107284042
-4146.20358558317
-9053.40756395294
-719.475671877999
10077.3596963884
5835.87119992329
-3078.62973052132
-7479.47838349501
-2797.56655169077
5934.61579322122
5798.32107831668
14586.1695105792
11635.1462781744
407.504564111732
842.250478499497
-1225.13026310775
-1590.9381107535
-456.886302265917
-485.786957246694
-2100.51823143143
5243.52440200363
3384.90812052012
3969.8386263624
467.718802219954
-9795.81239391327
-902.318467112725
3912.24966535848
1510.74065608987
2274.45766993453
-5496.80183795105
-3457.17769504788
-4298.91182139587
6565.4284034552
605.884269959217
-4342.53117127073
-4310.43681733322
-7077.28963070241
292.384304961282
-1568.72668894353
4891.14403001643
-11414.7716740965
-4766.39926004133
-4058.80465990008
-420.887711795114
-3706.97204008209
1747.05408648271
2616.23027262669
-3832.78127944204
-849.744930884189
-12558.9866458759
-763.545768805329
5718.60035059408
5667.36876610023
-5491.89985268679
399.407645006529
2229.71255258044
-1134.89820472749
4158.34350969361
-5840.52220587717
-3909.2265335847
-4437.97678275401
3949.15485418164
7783.45932974701
252.335682733036
-3359.66073748355
-2519.43167841246
6801.83950715379
-2619.75009439366
-555.766723050227
1625.13690221571
-6090.1424542413
-464.772635809586
3451.12869078966
7119.01522197182
6454.2287804356
4547.79223612594
-6003.39035847951
-5889.59892505237
-402.814453726124
-3229.63971612883
-475.349340741461
-2749.88709840415
-8725.02521814975
46.0722911967564
7738.3898409192
3705.2682448471
-8144.84408269734
-3297.53690822838
-2471.56385844888
1825.41181327872
-3310.55256628969
1869.90576015882
-5725.67869667962
6188.99588840444
4426.6690345488
-7136.11052798356
982.943453276401
10079.7769668864
190.372583222126
8614.5499038482
-2671.87737752932
1933.75880059607
9915.17930522813
8734.73964181136
8369.35538734303
1234.0976503264
5423.33914717774
4570.32308375501
-1667.84793748537
750.466158449284
6016.34521971791
254.046367627976
-8014.13844454742
-931.943957847345
-6625.72890419658
-8329.84026449138
-3788.222292829
794.583319550868
3474.428370212
-2634.45641945
-4981.31026982523
-3601.81501823869
-2712.54603428592
-8074.93391660654
-7581.44955469314
4466.16917427609
-1806.23281873628
-3236.39437227349
-7342.17531731105
-16144.823407635
-9911.05182576159
-3904.65408068769
-1838.98043785146
-1577.75134792825
4315.97332427968
7379.4747041781
3626.02029098872
-10165.6375706175
-545.601298882291
-2209.11928732775
1120.85222109964
7453.46529317842
3066.09396707938
2397.83431803459
-2181.73550656786
-7810.52120069624
-3097.68595472139
12503.3689981733
1097.17173048368
-6816.92190966357
-1406.86516605912
-3712.62569196866
141.626791631906
5967.71694929196
-8331.13760618403
-3209.91011703802
-4030.18868157093
-3975.86088453237
4611.83071636506
10848.8340743429
5701.7505468183
5534.72292008334
3316.92771349913
1800.05479162822
10923.3706935706
-1086.19778502711
-1467.15043205056
15388.4320510754
5011.12052060667
4080.79621877564
4975.53139736955
4081.18504722583
2792.41333241283
1490.64370872078
-783.861001695093
-15.3910311945629
-5187.58126218697
7034.72265033457
-2087.96579268099
2568.23479900495
-2182.44195648799
727.09210379563
-3938.41483071033
-905.252038234183
-215.192671950228
398.604856196059
1505.892479015
1573.17040402701
-3950.04264554871
1200.53700475374
-5230.34383138043
-4979.97140799912
-7640.42645231543
2958.36485486133
6885.75095268898
-1145.16969494717
5068.22811717968
4690.43929046509
2265.41298923503
3105.25053129313
-4130.99133199929
-2961.85913863728
-317.100492587431
1134.44360681073
-1959.90352638643
-2086.82129074394
1429.2224125734
-2942.8205100932
-5411.50532105265
5180.569112129
7076.34609572813
-45.9979466613081
5438.70036439206
-5414.59305404513
-14575.7872172244
4293.06382041521
5536.40447239447
3672.42902937525
4669.83223487104
1884.87928331771
7523.82082070441
-6031.97702410235
454.479361315317
8211.32737858611
2598.40138180225
664.68058916194
604.443355920107
-4481.88976095183
2726.42705059775
-10714.4439884598
7432.5821002887
2742.86565672301
9596.25745648487
-3842.25448837934
-7697.67096837941
677.866036004348
1420.97505118297
-9751.42920289837
1877.58246306674
-1374.52665269528
-287.690023568663
-7574.46180523109
-7406.60508986134
4412.25134904631
-6628.51409550408
-6421.03804505549
6697.52337618894
-965.660278148653
2672.14071309754
5074.94039338741
-15069.0124475716
-17760.6324637806
-4136.89897726109
-3482.71425473453
-3400.88046546642
-9203.86467509615
953.622787871448
12908.7506698966
-261.646183379901
945.234965916729
-22.0092067092978
-6798.2712246745
-7062.62973118881
5972.64042663975
5422.07956758931
844.730743583241
3855.30301357407
-868.408889957078
3911.66811961517
4346.44717786642
-1288.86282356995
343.388285875283
6629.75663342434
1441.78621569906
-2497.0708099264
-3067.4730873909
10377.6281997504
-1868.88868445598
-5409.30180388887
-5992.51366156955
-10143.6149344026
-5045.08253480555
-2630.5079682337
4890.36636349024
8984.73835923399
3455.33165863594
2523.66971028496
3511.34988053043
-1602.34869030184
880.313155748036
-6959.25347025275
-7978.67759866151
-6108.39850501243
-9310.21387918318
6153.38868783398
-875.514224163534
3566.74124580574
-44.4322792154273
2518.59406565103
4961.28694188888
-4276.1852255194
6268.60979180172
-686.326102496471
-2911.75778772292
-2460.42138212842
-1095.73903394164
1049.55418782924
-5223.51161969869
-7575.95981360531
-6925.74305172075
-1079.98286722309
1381.57131267795
5961.37115606745
-701.404924777895
-3000.8583729353
849.847080465347
-6490.19620375669
500.679255715034
3378.60354375147
93.0617206358306
8061.52601535191
7125.57248968822
8096.43907169063
8828.11592848295
3570.92078506518
-6205.37756570355
-2492.77634704324
1724.64276518029
2890.81510516184
1790.529617383
12723.4192451653
3565.73491410612
-8139.3418731901
-824.508699243027
3562.49839132158
10785.9702335783
7181.35591499938
-1336.36820802425
-3181.68202860903
-2482.18781788695
-1105.7324723548
-3075.35565626084
1647.34372224128
-15063.1557781679
-7203.74560787284
-4332.23435363539
1148.80889848585
-1962.34067287522
4845.44683377838
-1827.73649899768
-6065.83343603757
-387.213752255114
2240.65710250747
9826.8861961669
-10178.4177600684
-1776.40995668755
-7318.42433821113
-7129.05584749747
4661.74650498023
-4518.57439472099
-1170.08972419354
5404.63092332313
-731.330875074147
-3200.19109824461
2922.54350571558
7856.88842092774
-14006.5548161272
4337.67022136394
8055.76945484573
-128.569715944558
-5901.87271525701
-7541.74176480565
-866.386694543408
-7182.5631790761
401.054880549026
-1896.79764137502
7903.14314920364
5064.94857317559
5840.96974891197
10222.3536053414
5867.8945264792
2110.47698549052
6058.80739400373
2415.33186622172
1347.96370992037
1308.28811186698
437.048686801101
2451.39049859516
3880.67793979682
-1712.19302589506
-6868.8681264144
151.499429962674
555.134406283223
4731.12474064663
1849.87092265569
-3094.83471420896
-2206.86407477785
410.960621251278
5359.29485577072
-6606.07684964647
-2816.12961228787
-6119.46496775723
5726.665169798
-66.6642807566143
-9087.45283413287
-2892.20624010171
-2808.97495858546
-148.368141057281
2390.09291610347
-432.554693219546
-5528.73681230239
-6738.76841519834
-6964.60580792599
-270.392894093799
-5440.93921420463
-3902.07087306733
-6307.82806992148
-10221.8919961444
-11331.4233192614
-10093.8435664496
-5403.83110146642
-436.601893970343
9073.39899560734
1770.0437159608
-1237.48676108717
-629.529537555931
-9402.68059500861
-598.612476540967
7970.96380009103
-8644.193564626
-5745.3492450438
-8217.24400104783
3707.28696770825
2194.12596982515
3620.39704142755
7358.99865390657
13040.3983509092
9706.95023228759
11993.4644549485
2412.28350575617
9313.02390736017
1285.17055502866
7604.23177647662
-5963.9313210353
-4559.37856392857
2474.08495573674
-2648.65198495412
4092.78482706338
-3324.01071614586
-2670.44934210473
-5364.33105664663
1477.35481988719
365.776970254388
-6705.15421887194
3729.37274541354
-6848.83946925227
-11666.4729530251
-11165.9830812778
-5783.47934420182
-7379.40578686647
-3611.43525845835
8113.77923077348
2815.40716202397
-905.072010421361
-6144.28593129399
-7468.65974351866
-2579.11110043037
674.787304182947
7765.67352075257
-4198.18118002749
-5354.88752106923
-5570.88301339363
-1521.18765091956
3617.27175415211
2644.53338871656
1508.85342838417
1463.45970200864
940.312393044613
8223.69985432013
7707.8357519094
1077.8748405096
-793.487361835367
1089.896134093
3187.82374970501
3341.91897584379
7974.73925500142
2570.74600869596
-2307.37467045112
-5417.82790819108
-7190.91111415587
12754.644526001
-687.330329390051
-1471.57852173356
4831.37810828005
1069.51551511605
-14534.2256408592
-1010.81768320668
1011.66731186041
2981.62742361448
-5464.16357359356
-3102.42099822229
-8499.9254522162
-5035.31637526685
-3233.57171780756
-6172.60162778944
-11863.3232198172
3643.7847513119
-1095.40178353966
-3895.22945949632
-2167.69761947439
-2467.42408261995
-7975.78818264936
-93.285203476803
-2997.68369734983
-5151.24922638718
-2907.89502496538
-6762.4709187089
1707.45654764378
-2189.62875270549
-2374.09203851821
4041.19584570694
9341.81053633482
5985.89758768041
3705.03604987472
5242.98783106579
1972.84429259589
485.694110492233
-99.5566254445116
-1040.10552821253
3504.95350592273
1133.82696156278
-178.990590242498
-7.03665297853589
