1315017.52513541
1343338.39420913
1315665.36637304
1245375.6790645
1190484.58051161
1127946.37184695
1064680.23342375
1020324.07867013
981699.978025056
924895.384308915
860439.206309955
779934.637698323
658585.897630638
520433.622334305
384793.89416967
254110.031340826
117355.035736187
5333.21190441516
-101254.480511464
-198496.790868549
-286927.793022648
-367574.987938516
-447656.117551831
-529429.773422326
-612884.155355819
-672106.035783014
-731968.68212926
-757506.66451365
-782501.065350235
-791794.454790676
-787650.978333751
-798372.802857803
-799664.904305863
-804496.928451812
-803198.578686439
-798116.151683517
-795300.565081116
-773524.738247605
-741799.191273446
-696062.681667096
-637497.866331002
-581559.183092365
-520334.044329459
-458534.893758632
-387027.855868031
-321343.233920896
-273114.265128415
-215073.90312887
-173441.552327254
-129372.102865529
-101052.461592504
-66421.1836864417
-36436.3530578048
-16343.9168317561
8839.83701621735
24657.8334892265
40481.5417081687
69605.2406197157
90145.2821581912
94103.6287145485
101791.980208271
114345.218050844
118114.207312579
106886.16513914
107792.6715398
98641.8336681063
97208.1985527416
100438.285187893
106497.867294579
124731.535063232
145473.046769596
156361.428595351
157901.89824038
159791.398258952
147157.202221411
143787.050815352
118713.636658924
101412.187449331
80872.0115683542
70677.4337523088
59496.4582943128
52915.9994905491
46458.74469312
37704.6263887321
30866.1000508305
5588.97537774843
640.021232059058
-4059.80087506328
-13510.6269326374
-18082.0168321977
-17958.4219617026
-23434.7950912876
-23517.0798317386
-31368.286377245
-31944.969988338
-36018.735476767
-46379.1052014059
-51162.4391661519
-50713.3237527064
-60624.2924561708
-58957.3819813555
-48445.9301217564
-52581.7717597413
-47894.8426597839
-46963.9708221714
-51581.171916646
-60952.685289252
-61344.495360045
-58342.3756793852
-71879.0557279169
-66566.8548698434
-71960.9208247901
-73597.9740178302
-65769.6358018286
-51032.7276779338
-50515.3672695755
-46036.1175638782
-39844.4965529268
-36982.8500359437
-38575.948780962
-38712.9791520786
-45139.2568851609
-49710.5984446158
-51517.4058232058
-51323.4531537338
-53948.4992210237
-53294.2964840033
-56020.0777653081
-40081.4397700249
-35589.9152530401
-19061.1413158498
-11354.7331653254
3330.37693700323
15603.9934321565
14071.6220027676
25868.008164491
29260.685964385
27352.8650297389
32696.1739907756
37472.6667885119
34037.0812209785
26889.3944305402
22293.0069455361
31197.1209193988
35710.7867418074
37516.1183387508
34331.3622386801
30508.5402202912
28187.7570337276
29171.6617707747
22181.6964001185
21884.5981742383
13986.5253696874
17177.8910456478
9073.93539653091
12188.4446488377
9675.03710967303
5986.52976260699
18972.6051979804
20831.8535356529
31597.1327867412
28989.9872269939
24308.1665650964
28258.7488423159
19108.9804642632
12412.6077441227
19608.6855862005
9717.34699982977
2652.73152021881
-6642.32625860005
-13007.5576679497
-18678.8980319453
-22071.9209545194
-11683.6987533499
-33274.7250597687
-23283.062301767
-23060.1227794779
-28953.8079104903
-30841.9639903664
-23950.5078619465
-31910.2122154049
-33133.4569773044
-28507.239436017
-28194.7673848719
-14814.938788971
-11361.6280241694
-8791.36697882454
-3486.63084220384
-2159.36371847925
-3867.62614094439
-3684.06830502097
5997.57230275239
-1098.20464476721
-1473.62359210045
-6029.62477962569
-17955.2723317717
-22913.9836235565
-25590.447246915
-26334.2681735868
-30758.3487076601
-30578.7372429871
-36704.582715281
-35816.833522215
-26345.5664429915
-22784.051943219
-20130.1188399716
-9774.59807911009
-7514.80962108826
-2729.92958010514
3048.67263632907
-7893.39410011475
-1898.43562771031
9997.7884581822
9462.29808408082
17032.4961038837
8486.72891135714
2453.19211909871
8405.17066423368
4277.70057670285
-4746.42926268896
-12695.4146108155
-20927.683377122
-11919.3200084289
-18442.9049670699
-24250.9393230544
-30778.0861866896
-34267.1800702754
-34400.0187584049
-32447.4510720402
-34352.3081439297
-28251.5461804772
-28462.3365702061
-27562.4938077168
-27352.7784205935
-16887.4783417334
-14046.5461261683
-3446.28869519001
-1960.56244344709
-4263.4994952976
601.207514388179
-1290.0828504469
-8701.26405616532
-7326.08414857504
-9990.86408943482
-15657.0320953129
-14923.8633030447
-17997.3639018562
-23293.1070817531
-21111.8774335052
-20443.7868484985
-18596.5631398598
-20740.836216609
-23863.416737863
-24045.9811161295
-26866.8439310626
-28993.7679890046
-26655.4885446434
-19318.5849626936
-23393.0407732661
-22605.016942934
-19128.6155119889
-13167.1127729999
-8840.89218671624
-9525.18926187001
-3181.852767961
-6881.74679475471
-12606.6708996568
-10382.1466322604
-18652.0372457976
-13196.2143220958
-17048.7334040469
-21444.4283342817
-21781.3498920141
-27141.5058896452
-29560.6571838637
-25330.6107426664
-32373.8868121884
-28398.0940587861
-18464.3778503807
-20401.1738008014
-13953.2186229357
-22567.6200580818
-24480.5519084189
-19194.0031683532
-20335.7595020078
-17721.2262750956
-12070.8550700732
-8200.88003960537
-21389.7517462974
-16233.696031769
-14497.0985350854
-20200.6338167715
-13615.3924044784
-13104.107458314
-11080.6484558813
-16716.9110258034
-16558.9765997779
-13968.8483015568
-7783.6012040203
-13236.9853167672
-20098.4037329373
-15670.4670544564
-20803.4029072958
-24807.0307669589
-20016.136738554
-17801.4235597901
-20108.1996552544
-25654.3387721138
-10403.0888846303
-4539.74816263699
-11052.2193160333
-13588.0907599
-12830.6020164033
-10583.5340367554
-12546.4973348366
-13610.9348900986
-13598.7714469833
-9512.25517735917
-9856.94766356917
-6959.86446927186
-10359.4212573534
-14359.3209431301
-1914.25003598259
-8877.91776741785
-12148.6713714343
-6429.95337033626
-14585.8195202148
-16781.7659372962
-16237.1010840184
-12459.1844088498
-9957.7472908135
-11358.547219212
-11105.5957232687
-10601.8196134881
-13619.4638530489
-12113.9199414167
-14398.3089195505
-11381.9962391859
-7078.91954032995
-13361.9876348319
-22019.2576140635
-15180.427335981
-8101.48341899693
-13499.0925022273
-11237.5943537007
-11331.579108453
-14024.6908905891
-17625.9223548259
-14676.8017735585
-20774.16110059
-8411.0007793462
-15782.2613432269
-17348.2541821613
-6901.8382589378
-2765.32328184833
-9698.51335118192
-6038.24692849741
-17337.1915518607
-12111.0590539888
-10305.921363305
-16499.0794640625
-17293.9126333374
-19273.7940969333
-16042.0432891498
-8632.16978456852
-11816.9279745848
-15150.8275591837
-15909.8067049487
-4477.53472948299
-9781.48648582635
-12052.0924069892
-15288.2992726625
-11638.4308464591
-6339.49861938429
2426.5975737892
-6843.59512140691
437.125495853002
4936.17138075316
1532.97808640996
2536.78453247468
-3316.25115096476
4800.42073967327
-1849.93979894723
1940.02818501829
-6670.69543054677
2616.61231073853
2856.32115790996
-2296.15558784772
-5941.58480763176
-5108.13192975803
-10249.3588220046
-6176.85834018813
-2891.73213104103
-11634.9511198518
-612.460226500411
-7751.9073016174
-7649.95339817471
-6391.00146984548
-8852.69054969697
-3601.73381344449
-9354.83153326664
-5364.4944674559
-1720.9353305116
44.0743553606867
-9902.79731697271
-5427.75541692223
-4714.18760374916
-7801.58958024042
-11951.9636965879
-5620.53767212823
-6151.70152301446
-4729.25251176256
-15161.6612783259
-1927.93930542167
108.451372603973
-1771.80771212694
-9045.97130782751
-9971.50591882026
-11080.2489532734
-6799.32911972674
2791.63875441775
-8212.39548037299
-2346.45440283223
-919.656259282293
-4629.13582778769
-9.14788907880461
2292.61904459897
101.668327818822
-651.077080684241
-671.661754968619
999.802757011914
2798.08483701658
-9767.78488227138
-1672.75313836074
-3270.40197465431
1657.76254559522
3026.25431188332
-5756.09962922336
-5474.54494388262
-6917.56023642888
-7267.55867171877
-3060.08414310033
-793.68009592702
5091.34679803502
-2868.07548354986
513.926450199966
1448.55342006097
-4540.58741924612
-7210.50690397583
2961.91889990818
-13472.626216958
-2621.81200989029
9058.90467517414
-6463.29686665788
-6352.96070519526
2344.60168147483
1781.32346560349
1239.42650292816
2679.29067087461
-363.737622151346
3371.59460543116
-4204.53628759609
9884.99468820891
4465.23211704387
1528.29339373037
-2003.49848201142
-3221.22481540313
-1851.68007325656
-1648.24646701537
4846.48434586283
5314.07373027148
1803.42385791509
1284.01366143766
4927.06802872592
1483.6071001906
3779.14543943525
2493.82440910209
855.350014511708
2880.06200032955
1412.99843221793
4730.36536280088
15169.8675310044
2362.88653764294
1494.99674002677
1508.36967171611
7501.84483982798
9023.43288146727
7909.68243741237
7245.1100994235
1596.67522005657
4901.11507054489
-204.703760937525
-630.81162573579
-9351.35637653276
-695.674607936457
2.17617564316492
-5655.95896333695
-8136.07995166061
-2198.2002465803
-573.356579476865
-4106.30267121269
-8790.49974698817
-4468.50069032055
-7459.27595058448
-2982.39517869282
4144.85001119741
-5816.01628224565
6317.72575811089
1745.38659913361
-608.532386386084
-5471.45870972378
3165.26104195101
9725.48314971102
-2209.21818831783
-1334.35996715473
11999.8503690834
355.877365811627
1920.51083614802
9561.54942204401
2201.70638781938
-270.517876723616
4853.5443333161
5393.83571890425
9460.5490501666
11695.555208892
6505.00476154837
1315.49625696735
9054.62793063496
12005.0222519036
10781.2151037005
8234.69368130075
-660.338633810475
4422.32698712449
3207.63289535103
11768.8215698987
11264.4285562704
1203.3794210465
1129.77943558449
7142.78249859052
376.05572029276
-150.999587129177
7343.86967380272
-4042.43923303357
-2564.0113469019
7057.33799391241
838.654460772814
-1983.63452490117
6339.19208902595
-1875.11797083234
5076.80872380268
4469.39205460263
-8219.86754019254
9418.45345268259
5398.79435468364
-204.978791152388
-2786.59366579176
-4702.31129319974
-7778.82754862569
-2325.79641263406
-2019.11643422911
3621.63106046424
-3899.60395397321
4377.0513325562
9481.42457473675
12285.5426281371
1894.53448775808
5480.53895959852
783.162861069198
2293.14413723645
4749.07512034358
1835.05070074541
9325.90785247788
7667.57013426452
14127.7894751332
13547.5296268924
2129.51263306955
5652.82990333778
10990.5907770297
2757.46453861096
10860.6134307347
3124.01652372171
3936.82667431636
6270.98533028722
4895.33309874654
6859.6484259674
-1332.69553170651
7208.64473039178
-179.179265853301
7484.54899280332
4414.31984298401
5188.55752025317
7609.9259909893
10000.9924388243
6571.20131234232
2342.30525483839
6272.82104392869
4829.73359424537
10135.9848732122
-542.516890733486
1992.62618329915
4199.36049707921
2421.58068341776
-1621.48808120174
3191.71404125735
197.439998982312
5059.19869659493
2389.25668165099
4436.88862203338
9346.07420934012
6337.62045830357
2202.18316647308
1511.16118558002
-763.554870080349
365.599739723116
-4278.45653409621
-2582.3258028733
-1858.41434332027
10575.1154092839
2013.72930687967
-3768.75746387726
9846.72462509389
3909.82266462043
7884.43575058012
10398.0947217448
3992.1691229968
1724.36505422958
8113.62287619788
5335.20615766226
9127.55252562499
-2009.9102874896
-2332.59794740737
6049.50824210049
3808.50159323112
7293.68234272787
2043.51237539915
1678.56882233997
8597.71304483595
7648.61062871086
5877.66586540861
670.645815758414
6310.169425714
6687.26698180771
3236.9337619245
-27.5782968699286
3208.06752382279
2645.94288446046
4037.67693048702
4493.37510070133
4646.1687439736
1729.16140644022
-1250.6113493498
2380.58719191192
-4314.94440743983
-974.998794378132
-4335.9079896691
-142.054141929232
1674.94987497501
-2951.30173480195
1610.99382036929
-1102.99190283993
-7271.69585139297
577.705753622802
2348.1783346731
-1.58397499350531
-4715.11866271473
6817.75559041739
10194.7467679523
-3463.54834062621
1691.48629444195
5833.52362394982
3724.7253853568
6192.40057793873
-7843.43977921486
2598.06500469603
1531.54234250525
-1038.4144814578
2920.15239483192
-295.72413657687
-58.976831018791
2866.66449508635
16466.0952452857
5751.6145582604
-3224.53178240207
-224.79989019405
6156.65753963517
6611.46560566917
6013.19993609991
5735.79461209691
-3005.56077434092
1805.14837648748
11753.5407437872
3922.42802499179
7526.79543256401
11663.3589574614
15053.8479591461
5716.28007713561
11102.0115708903
1517.40906528927
5088.46008299139
1943.91457028111
-492.078622292873
2879.46070486432
-2759.5965895454
3385.22908198202
-3747.41015154776
5361.93138287959
3756.77788571548
-2087.80789771556
-1441.70102657522
-1705.7480997201
-809.308960258557
-7020.05187347414
2884.16441296242
1373.59367426282
8787.30951506642
1712.65051585889
-1788.39539970312
-5242.67628485193
-9999.10121632614
-547.85917646671
7435.08826162311
2932.74514515121
-2754.41067818236
4820.75055275746
7810.29565943236
2966.90466701484
1460.94337201313
-2224.63334519199
-3986.69943254173
-5102.96180669524
5427.54649805626
3087.02333377398
3388.50110964436
8777.7604406569
9986.03588953413
-4825.19350056816
-2015.23651962484
2205.66766408789
2700.31689193899
-2306.09520100124
9898.21204039121
4453.22846016972
3828.6367213813
193.906773909402
-2478.12342727339
-97.0103116239959
6731.7204335152
6431.1117929048
4537.44579982989
3232.54504018424
-5405.43127308842
2627.92548509226
-6987.95825768031
-3555.36792356706
4058.45691120937
2267.53045153145
821.1915778217
3819.71917937031
-2639.83213442025
-3607.39114702837
-10124.2584973506
-5975.61444877209
378.968138346343
5098.85736282727
-501.764503134768
3804.30204784182
-3416.69129051745
-2753.25189747432
1063.40171276533
-371.564949802488
1948.01804344619
10573.4751201263
406.077877325008
-2771.03743101831
517.435438936293
-1840.69474823154
8287.92177069432
3791.35746807673
7851.91265214911
3672.19168232127
5061.53863582149
-1861.7721801665
4513.12883227841
4868.07013551487
-4073.78197300869
5469.59410791278
4345.58584461867
-91.8328494944515
3721.71614662769
3947.46268459676
1683.89870202917
864.272019377831
2232.35147832628
-3907.13671249353
-4668.62330377291
-703.247881388161
219.191914254312
-8404.91091119331
-191.156292944797
-3303.75335354333
-8882.10386953856
1710.54539053124
955.479833570946
-9841.78233381603
-3231.61983758739
-55.8378318776258
-2520.10053681623
-976.636092445116
-9405.33527592182
-7329.92566748903
-1464.05252951959
-5145.49811738501
-5511.01184005137
-5454.99971062843
-273.563189811038
-9046.92185009516
-2096.92367121218
-5378.09965173151
-6507.78849929272
-12396.1008932715
-6532.2682483491
-3285.19137886725
4715.21348720967
-3797.31789620242
-4132.81264631616
-3286.43731901583
-6363.98137168791
-9677.67968023791
1416.89450070118
-4719.8991991464
-5624.79989834554
-9192.98193638564
-2620.50539079557
-2056.11854574244
1239.27693092089
2684.32224285097
-1957.76878830999
2845.48488248028
7351.87604778601
3918.52226778867
6031.9226477294
1961.39581951313
-3313.71758313445
-2664.31083862486
2202.96091792773
2935.13834369593
3682.45255178592
-1754.7950659558
-1983.81942288194
3672.35751545434
4433.94711039533
1212.5146919907
2865.54328243334
-2561.18875302684
-4772.45020519556
590.964635896534
-692.552381607025
472.858693681595
-6820.44777876108
-5179.90835869522
-121.612679584871
2687.86117143378
-6114.49394474077
-3690.35279364322
-7955.52765110733
-4256.77294583904
-2664.96546469356
-1692.49561128377
-742.150472102749
-7987.44779596835
-14084.3692100617
-9202.58736462453
-6885.31789701624
-30.212540834232
-6214.16925580636
-1178.68623174723
4684.41635069834
-1783.18248033244
-2841.60396245936
-2248.92085657167
-3225.67175954538
2597.12677922195
-1573.45183685635
-3051.34092046646
-1522.71897178174
3841.84886824113
2559.95902790809
4066.21476055529
3934.50057727342
-9724.36923191139
5382.86254546581
4861.04021068329
4896.10232770553
-4445.20887842891
-7209.95124673815
7254.67141518987
7163.67732134448
1540.7859822614
2864.07536228304
-2189.0531474186
357.744407271335
-3279.97398237048
-2335.24506373911
1985.73052714897
3216.47635600853
-4837.72491545209
-948.873879977469
-8763.67314405642
-2023.2060522467
1745.20231796347
-3368.65685585008
-2825.29002754746
-3566.17651665215
-8776.81727881042
-9638.82901067597
-6694.47741034126
-4675.78653739686
-4894.07506748538
-7738.76824089335
1571.48962668938
-9774.2417143273
-2521.87726257656
-3841.9438921094
4056.2176728752
-6959.86215355641
-1188.08110565892
-1516.66637804301
987.839184068604
-327.690822326584
-8710.01288640932
-2818.91723431851
68.787427738278
6617.17902762568
-2479.26200344502
206.321008975938
1151.04435154199
-6402.30519555212
-3758.86876726773
3935.8587159809
8636.39406394522
4580.72165608548
2321.5428622275
7180.76510891901
7079.77986067053
4064.22083012095
3685.65078545034
4558.38690693507
4335.48716111086
2320.00687671326
5771.90805666756
1996.07218861136
2288.12197285815
-982.106061729929
1514.57379814233
4053.23826305185
-2836.11522118007
-7538.26340776808
805.302750035576
4018.72011080031
-9858.30204219208
-5988.86437752856
-5354.73610416716
1544.8179534328
-5640.8471453255
-9456.1304547672
-7603.71253711254
-8526.84334453191
-5310.91312760002
-652.758341040517
-5544.84213940999
-11078.4819970031
-9553.66434337079
-10811.5217836866
-6470.20238272791
-12881.5729221504
-3594.5960399107
-8407.98107561346
-13048.7212280731
-8671.36166072371
-4041.32944714803
330.822640747751
-1834.7496911963
-6593.67294873707
-1971.0898961945
-9692.9560677889
-5006.84765106258
896.37837334567
-2056.43645353591
-3216.24955183785
4503.67572686301
2031.88313698816
1776.50062821191
-8666.28222553173
2560.70624014764
3616.80326122728
2625.15556807713
-165.455368436089
3482.01844523057
5126.06562992267
3432.50506888124
1631.86472864687
7472.7895969322
2418.73060120829
-4015.88209357058
-1144.10620668811
-1160.53985130021
3495.19900701337
-1650.35102343043
449.37095449526
-529.817539114318
-9984.59132716194
904.15755366495
1062.68092123268
-7499.89129331969
-310.807962351928
-4912.83646311653
-4780.88858366626
-6348.53401714386
-7389.44473119298
-8548.43605224948
-3030.10744737524
-4761.26371789983
-7596.265743544
4530.76681098029
-2781.80107196305
4540.16037597938
-2758.72353541783
-8.12116229905729
-4878.69552891578
-6264.8913871215
-12241.7333365285
-1666.12154407212
-1007.45074662089
-11008.8047414654
-794.082781879219
2079.89631556373
2208.60589058278
-2784.99764560472
2403.85784826174
2876.34887568724
6767.69135974731
10433.7848227753
-177.787828369864
-4477.25251969543
-526.068926135704
-5486.81857221281
-6555.58701730112
-3454.61326557559
2070.48140516694
-4750.28391756456
598.111124016527
4179.30496308974
-771.762332118509
-11349.0904391542
-13804.3886448852
-9716.10322269897
-598.855773249164
3218.46865193283
-3892.08345056044
-8591.21497800369
-3219.22537226998
2333.70550021473
-3498.94284575148
-4951.76020927185
-1403.76874759762
-502.89855157638
-3497.42202011882
-3523.79458052052
-7411.48783155064
-1645.33971716532
-327.835840563315
-4527.64367213808
-2701.59383167924
1341.55027060761
-588.362071930287
-9346.20803864018
1041.34670772938
5053.85873886282
7986.57639153498
-1718.86583711129
5790.74339824672
4613.37373127374
-590.428378296492
56.0988450932478
-1068.48985746003
-10172.9953630614
6429.34297418105
2712.0753995987
3852.57256778819
-363.875652773594
-1164.93176685942
-2495.18920933896
-5073.06893740261
-6233.93431107691
-7474.57891247756
2893.87611440794
-239.635362269452
-7995.01824568205
-1402.18428620473
-10088.9659279073
-4228.36660562438
-2934.7275393829
-3748.48566931048
-5436.67467893636
-5200.95334742118
-589.083993512675
-5222.90335778791
1089.8185093361
196.257594050589
9772.72646444803
-380.434040813564
-11060.3727057608
-12707.4741508067
-2460.54979769369
-611.576373435161
-3139.27484605633
3796.60623829983
-42.1474190216277
-6266.75822955631
1365.99101463528
9561.01859007812
-2585.5436236008
5879.8048407535
5964.37017481083
4892.61903045021
-3322.98896152809
804.846725947728
-3139.4312046082
1985.48446207726
-167.081825651127
-2036.92075121596
1446.35647581967
3987.25989074526
4402.83715367111
-2178.7195284292
-12283.8736625764
-3699.96447266634
-1752.177485843
-3150.98200528708
1312.21818903121
-2639.13439590446
-3100.39024718668
-3717.27720570919
645.417140433717
5500.39440519882
2044.74908520461
-4966.2394882915
-1096.89202603283
-3851.64040333815
-5075.90641005989
-5965.34960164645
-8701.67938751501
-5665.20397024107
-10749.7661124553
-974.250565906862
-3591.38180310556
-4157.80732278982
604.410792056956
-4413.4306212224
-10061.9262424328
-720.191050882262
-6050.85206925983
-7868.23579956819
-7751.80806717943
-9046.61054155757
-1998.92774236452
-13035.3165475542
-10581.8219223623
-832.908698458457
-1422.71198640924
-3423.54389279518
-1231.58431606856
-2090.90074484643
1166.59450120979
8521.01784137772
10421.9261988431
8125.66232534212
4781.52047933053
7186.09975126911
8438.78314570286
-843.517216690942
2989.12545051376
2171.46361821083
10093.4744162504
10581.5597200276
4904.36160272891
580.183658820285
4094.6434186977
1252.43319310142
222.207742945714
57.5534841664771
-7186.41751554154
-2592.69513288279
-3446.05972725521
-3456.65150403553
3053.4373325669
-5727.4738417395
-11605.6803151752
-6773.83563782012
-10855.7992685106
-4995.41500985959
-3856.6892150641
-10732.5479957629
-5647.90784219724
-7073.37613396486
9.92441972749577
2184.90591218742
-43.179052211307
-544.82354877314
-6732.66280368585
-3804.06860329961
-2981.90586434318
-131.912624271751
1962.77848918555
-1735.19301357898
-5854.32966121734
2041.47868026591
131.108412947807
5791.44726009721
-1614.6693425681
-900.505959114771
-1280.67109993553
4443.95790904325
9796.10025605514
3181.26712368406
2880.13469584676
3582.92416935739
341.692438691403
6188.25079994122
-445.336498034462
-2527.1422481644
3960.59189902552
4709.91477521465
-2973.77792482243
95.4362047841441
1211.61665294529
-6122.1329811487
-2758.59280375395
3247.74813945374
-4085.32325586479
4656.14765754136
5295.86725121919
992.720867357073
-735.345432879532
-3037.91762716627
-4986.32405813744
18.639418543981
1119.17682844402
5518.92868877276
3103.32479342341
12397.9902016411
6074.28416128892
1954.30283259794
-740.883553475289
1189.92464558509
1911.09536404566
6101.78050462506
-3408.78235352775
-4986.30976902901
-3465.97740985447
-2331.61347068938
-1418.24930210469
3413.13115387476
-6399.04588241198
-4814.09152776769
-2340.25402561325
-1455.71277401105
2077.60809527135
346.20307771249
-1106.63197702497
2010.32003356853
3649.46094612694
1902.37207444669
-6746.83532355738
-2849.64068687908
-3856.28673563948
2248.07128885971
-1342.69080468942
3414.55495365023
322.292857187397
561.494866112944
4668.82532187415
-2907.06657607941
-1078.76672262011
6940.82219841959
6453.57782511932
-5005.70421469947
-2684.92760209477
4477.91757830236
-1257.11247872141
3803.94759359943
4453.13202962869
2911.55062531663
-5982.39076031349
-1045.83184128798
5262.91993029632
6759.71149585054
2045.90750201697
903.989274355651
-723.179469287504
7174.80311911783
1200.42301877898
8022.50156013368
8249.58574558067
-3811.07478565024
-1620.25897330196
109.414143460132
4943.14526603622
-5982.19497771231
4912.55875180142
3350.49989604944
-7870.69733055972
-1673.58130487317
-3297.93867366601
-5822.00119119244
-241.43005892346
2817.09071149121
223.042665326626
2670.02810518557
-657.6859426317
-570.584915074145
4137.92036494533
-6406.06892162297
978.317683567631
11212.3849799403
2275.3235899151
-5255.97531007424
2101.8471170822
10481.1066584666
-1341.50034035666
772.513790683097
6005.73489284995
-5497.1591629801
4084.88556521891
7006.2307842343
4193.62442170196
-6249.5829736417
-3452.71146387004
2744.96336071123
4331.36603791782
1155.18170775343
-2129.90082347914
-14.6783254259734
4151.44060133018
5015.24417550148
-6566.98191496713
-2166.9547868814
-3061.1381484144
-9216.52325111983
-3867.2796308821
377.769519867312
7140.62978983669
-1996.92411814661
-7808.88846027021
2529.84492024586
8210.94627108937
230.205961983906
2986.82793860454
746.302489743095
1652.92844708749
538.171747823528
1808.93718415923
3929.3736397834
709.259931836508
2085.95177634844
3604.77289536618
5518.95591483793
2796.30556089135
7609.14046843877
-255.369108384411
-4060.71940662886
6226.26452888165
4238.35756322084
4209.63122799226
-2534.42733275837
554.24722909814
1882.23373485466
4623.95814450186
-3893.58573082862
-1769.52092260619
-3490.5334103535
2030.53534286689
-5111.96078679587
-3215.70211299417
854.733864343627
-4475.79772863926
-7410.15188098264
-3107.92880235888
1882.33311357259
-4389.68692121885
-2249.96750876679
4076.3681327733
-6167.52343102123
-3305.27991644349
-9382.33111969138
-10121.9494607796
-1350.188573755
6808.75027606891
4283.2745690126
180.245064884356
3364.83608500514
-298.454221044287
5205.16836345045
-1045.04305610349
-4637.63832586027
-942.739784308058
2235.30923871401
5623.43463005222
3651.23403124446
-2211.05098292023
-3877.45807139239
7147.23334864645
9878.85144265421
5099.19542823715
-1902.28562534554
2762.21490639833
-6745.26621332134
4037.69542483338
2360.41836174556
-4121.66802762828
-4519.70435458768
-5488.02765287871
7620.0602850545
2984.73180221971
-2026.419315262
-604.109222294209
-4632.12310826675
-8624.82552276934
-5734.06136710131
188.625288518063
3757.90409659401
-5664.04992897245
-7254.86044264445
-11758.3842955892
-3546.89867645147
-6580.23619077483
425.043972133784
1017.64327750167
-4331.25055896827
7248.24407366216
2526.60093738334
-7938.92088064738
-6109.72892209639
6237.81738887226
1449.66370894084
-2667.64404523444
6787.7222064767
-956.770296972328
9716.98611167595
2194.54052083256
8257.22303810463
1825.01372424003
3343.64345757547
1288.81140074081
7338.9571062727
8079.28364014277
9001.56324202823
-238.600805667872
-4540.32159467327
6073.9134642727
-5501.84724998685
-3839.82025869567
-2400.19422888146
-3540.67290086334
4732.41471682891
1083.37320916701
-4387.06413208807
-2057.42990335395
661.352375665898
-4762.05944930342
3816.72692457604
3299.51182551233
5080.94980814453
3310.00749174829
-6170.13974284542
-1794.95585230325
3324.28204217803
1784.16954107878
2046.35131573152
-3974.6854126933
5785.33167705611
11052.5750853381
6479.38744229368
670.791864364239
-6274.67638670404
11645.4489612244
4989.85643461256
-2565.69648316062
4398.5083912444
501.224329191918
-8173.02003503651
-10040.8218513742
-2908.47912810806
-11242.451217847
-3387.44039936467
-6456.97889525645
-7479.88032449898
-8137.08190549347
-2238.11429325796
912.754728758759
-3969.47529685889
-4916.70801472172
1869.07424311147
-1471.79231516357
-5136.63670972761
1941.35148690332
1136.70122266932
1933.53605847205
-5191.19661942689
5221.62109916426
-404.319935622203
2139.40887828335
948.956495115149
3140.85044578116
-1472.87987572315
3083.01708711656
6383.92246986206
4833.69575371693
838.378523495417
5085.85256569822
-672.281760213895
8209.01093599816
9872.90271110538
3677.13656158607
9153.19677282766
11023.5233780041
4222.3787198488
10090.5937163338
7423.38240379721
3553.09944213719
4452.15230705754
6746.02043298278
324.497642310429
3174.04971340641
5755.21963055842
5807.81547868982
1826.43633872165
8041.11009268778
-3550.32315421941
-9784.41484003392
-7073.04936927449
-1190.61146211778
-547.039774092222
2320.59251197419
-4426.07965001472
-5846.22656861501
-6492.30444567653
-1152.29841388857
-709.709990139297
-8125.59781863656
-5422.66116792389
-4290.35380438792
726.566434557683
-8838.03960458057
-2780.24710484494
-822.545276618626
-6368.52517931027
-3181.638265875
-8398.61101107143
1523.57272822377
825.459721623079
2777.05701002331
5945.94028794249
1465.02242071982
-1650.09108749493
-643.504983961582
1026.01187251713
6482.96825944009
6230.34700530481
6640.63632453138
7457.34946523456
3384.29241202335
7932.46645805236
7794.82923490798
-7038.62957154409
-3555.26252882438
5465.81658737116
-1058.27314233993
-165.145229377515
-3057.18053252746
5381.37433828499
-3203.5086581974
572.038223123661
4133.88300112241
-7656.92540332252
-5594.41816452825
-1634.55780989251
5194.48371071646
94.7121118782095
-2964.69541066199
1466.31161616422
4789.37610953861
4669.36847570062
-2863.76966146749
323.590930809308
1221.17328256214
6579.66746862952
-3529.12251479044
2999.0268984956
3073.03908307875
-3656.59790150092
949.393258693932
2865.15382062078
3966.47845823607
629.132253803504
3723.00854659689
-8453.30375993992
-1010.11981417149
3943.34642911007
5816.17678011232
4992.60804786071
6887.42253996312
-357.660690811708
802.645397810057
7138.09186207349
740.050136961721
3797.39513117406
1732.26742962246
-4418.80638522283
-5500.66151873872
1032.43098268844
-3919.07437236253
1283.34690474801
-3773.43794093286
-230.651433639135
-2374.0835754457
-3411.91972946436
2212.14206032589
-6945.53330964245
-5538.87684710105
1490.26891661232
2018.98150830388
-3353.34190017988
-5429.46008364752
-5587.33450897515
-2573.30062928625
-2876.8511746814
-307.940866392692
4143.24245259501
329.045008369502
-7639.04545961502
-4035.19546644282
5790.35882025103
1594.18945475132
944.974440113254
-4727.81172371101
-6210.57825137708
-5896.7758414748
-2626.68101827063
5135.35340011878
196.344688642488
-163.303721792854
-1109.42483353789
1376.06295094526
3048.1095105618
104.834769365584
-3053.38189258676
5020.10845845328
8031.72724626437
-4444.21918048326
242.435814327407
2339.85235692287
-1751.67257799159
4745.38200939921
2499.78292777348
6032.12242249962
534.156286285951
-1548.48066890942
5529.73867204901
3924.93860929056
5971.91331378418
6557.30117689063
-1184.5108152431
2465.31402152121
6228.54457752679
5479.72626226505
-3767.92860974143
-1706.55392531993
5747.92029325819
2750.63906274068
-5212.80377981649
7377.2444714656
4218.88243610582
-4346.20667600962
-4396.52210728555
-128.092946073458
-4547.82236332179
-3842.95139828601
2028.48873831245
1433.44849822164
974.164956433039
2821.47200500117
1468.84405014656
-3850.23359941467
1130.21702653119
4421.06298539518
88.674829182783
-2889.27160038927
2306.59836233775
511.284463772889
-5565.69539282826
476.771539724699
4431.50981153823
-4403.28223234045
-1055.33759935281
1870.49657052692
4661.70508435874
2225.9155436932
-1592.21283742262
-2457.31052170659
928.691580318306
6233.0558488257
104.820434824808
5699.96157754007
-955.213570681348
1842.92317292572
1327.27749388025
-3473.72502410705
-3946.78373847475
1000.42081541357
-6535.1841424857
-1922.4333793806
2421.51622815622
-169.152651836138
1856.94604419141
535.823476707971
3613.47744072601
989.867762973791
1136.12874902801
6154.43111234496
4364.18129253256
-3315.60239813162
-613.838878504017
417.622748010119
1015.86091412866
46.8738945229572
4853.85260744419
5482.76967778332
3914.37661176573
7023.92550807333
3075.10598820817
1646.72337977683
-2772.29457443391
18.9188764544563
1941.93022435448
3429.38521230833
128.403139757025
-1741.37318725271
-1685.26233876279
-5941.3258849967
-2595.79486237823
601.469870627348
-798.103359883955
2316.6774350386
-6899.57502098798
-205.293211574563
-2584.79601093141
4076.48199897119
5855.67969336143
6092.74254480306
1591.50140748096
-5352.13600923897
1566.07310701593
-462.025890096921
-8472.53051042528
562.93980855211
-1717.24002073369
-4705.47751500669
1747.20175890457
3186.25356259284
-4396.74718981413
1200.00063717241
-864.314104510312
6755.10233522575
3669.12361158174
3000.60975650876
-495.044315780509
1291.55701121791
1939.07325853559
-7187.46846398494
468.037279971269
-3176.17525466415
-1028.28522977682
5178.08071310379
1688.3586259816
-2061.17677096155
-268.893783856067
-6238.75417369692
-5231.71422112788
-1026.0360564945
-8180.61608094274
-1775.65359096807
717.359390596321
1257.24224223726
-1357.93384060727
-3473.54538485112
-5647.07311751594
-6799.98426023347
-3603.99587568078
-5884.32596441173
-8880.79957267513
-7714.10091776784
-1902.75274709683
-762.55213970353
4569.05951487839
-9819.71206160312
-6460.21340053631
-796.079476595951
-875.922625289427
-8076.21037918339
1015.86808922179
3386.63865507125
5036.98781968249
8269.90198294216
-4284.19883937006
-2152.04847290447
3293.29633142591
2351.10342979384
5185.2501169747
1857.82658926128
638.995505810856
-3070.30935634619
422.19972394413
2424.44383018455
10252.6435515463
-2723.5763030866
7088.91141392696
6792.67365992648
8260.11428563808
1572.19134986176
3225.29625718054
3291.93423850563
4290.67005511776
8067.54295282109
3109.96940632869
-2867.6207189124
2693.09143153011
735.558035529321
-494.984034369669
-2522.7632717343
-4087.62168532115
-8384.89378127912
-5543.53789621563
-7490.91965070229
3117.03173023906
-6234.61372850432
-832.39371278416
-1801.21876194786
-879.239773343757
-5504.46632376559
-5385.68538037071
4936.20107036993
2672.32244233176
1581.84038810036
3509.52987668115
1896.80113463795
-2482.48434141786
4453.86491028468
6508.20479957267
7116.74558829905
1359.75309284052
-4596.70328173956
1914.46066681336
4906.04579942986
1595.04244462688
2684.93601665209
5150.03717349431
-412.836416251602
2430.98696203115
-1985.18968348914
4338.00079763423
3613.82774202317
9460.19049132159
1404.82681333933
572.963805671443
8767.06411158967
7192.37599781587
6227.7305388853
-3458.05475973432
2006.37516190719
8305.20488664071
5665.68791326332
-3038.20780472491
5632.73422977399
-1292.91664346885
-4124.19056822887
-2778.72427916637
5668.77804652084
1115.09230704706
3639.00841178181
1117.3522959094
-902.656479930426
5404.25674676964
2977.7635417213
-8285.00421010148
-1575.88972584297
-1015.9227862313
1707.57059058955
-2890.62909628705
-5678.06278600464
420.615915841227
-3005.30654548632
-2075.9089726424
-5844.12150080189
-10680.2686258556
-4974.51036959857
875.30695880005
603.877324970068
3407.8983111385
853.777854503111
-590.149559942466
-5132.38182272255
1418.12894222925
151.014465607482
-3330.92693671734
1654.13096300304
-4128.26955876031
834.492154554084
-1292.3981211506
1204.63761513313
7467.7220623759
2708.36330890764
-444.492557217903
2501.805907305
7711.73252748688
815.50511558273
6299.35540464855
-858.429430232615
4261.01911713285
-3576.81508426089
3718.9442469302
1452.60078217207
4272.84247298927
-1237.39992612766
7279.49167155191
9923.28212220347
5482.16954356043
-138.654341209715
1274.66607545109
-2215.62942835418
-6924.29168653786
-6592.62398382239
-3368.50253880175
5680.36226663451
-1660.15301405285
4470.96362449905
-3532.19886201974
56.0681923388436
-30.2015488408133
-8070.16314186137
-3205.41061813065
1329.49185482288
-1831.31240398776
-2006.82693282536
-224.675785507618
-4337.79124529721
-1232.6242965739
622.052140746139
-5043.50635042819
-11436.2502738502
1913.66295811802
1865.42526659888
-168.691796059508
-4058.54319314044
-340.516642797745
-311.013700453021
-3122.72382195618
-967.14309944057
-2658.78798589944
-3544.91751969462
-122.975394257145
7723.82744385072
6245.70261317549
4387.47019069429
-1078.152784509
3144.44048937018
-6013.06914498383
-3785.5589454515
-3852.96584874136
-3646.94711260223
-2751.678219541
5578.29630441371
-814.531218700596
-10775.5015312343
-3231.89499508897
6772.19120235517
4173.23417186362
1898.5443408679
-848.171716220744
-1558.78463535999
-5015.36419217072
-3100.80370576307
-139.546973277344
-2783.22242128743
-8187.10803450651
-9648.68610970116
-1044.45103676619
-1165.04002848547
1053.25982001459
5531.87739620057
-18.9375357166696
5197.86723082003
6117.89300360605
-4777.77048619477
2989.94328945552
-4713.92166821557
-2656.18029779604
-7705.43458971758
-8273.59040004152
-3527.66559978656
1022.0615177095
-6056.92855592966
-491.187084866985
5749.61315189263
1037.82299850058
4469.26285418566
6768.52975018253
-5168.20856864758
-8441.42826282629
-6632.90423021137
-871.080291588353
6177.32601867187
-1923.53366554792
-5686.42689315106
-3842.35831248915
1488.41821057952
-3980.77124620943
2241.53479540045
3540.17845041672
2589.81108240822
-61.3297785562281
-5031.82318428461
2583.58672808528
3755.2673443102
-274.31450778864
3842.33113008394
-47.9206764790551
718.546299475085
-2073.41117619475
-9616.60433792384
720.549993442961
880.895257141113
9252.9228683212
-4662.20527930319
-11012.3273370625
-210.693911551901
109.216454410494
2.91492323364975
