0.000000000000000000e+00
9.704644689353905118e-01
1.878028973740397678e+00
2.668627083962961333e+00
3.295465159557118717e+00
3.721790241562049850e+00
3.923042810654581825e+00
3.888268450836393164e+00
3.620707473992563319e+00
3.137531208473893329e+00
2.468744934006969594e+00
1.655327275847678692e+00
7.467212747740773482e-01
-2.021693722999720333e-01
-1.134296512046102823e+00
-1.993895960534276979e+00
-2.729822198461067995e+00
-3.298590004273121323e+00
-3.666942228858151687e+00
-3.813792191833512923e+00
-3.731427390308483805e+00
-3.425906023219909446e+00
-2.916626530759184099e+00
-2.235099992444578909e+00
-1.423002840088281262e+00
-5.296300806092252289e-01
3.910954483555296179e-01
1.283876430061618557e+00
2.095360822909916099e+00
2.777328796085335227e+00
3.289556559342359687e+00
3.602187090565010408e+00
3.697468141100476391e+00
3.570756491373295205e+00
3.230731885474361853e+00
2.698811701050622069e+00
2.007805340847394149e+00
1.199892691571224246e+00
3.240510793440317672e-01
-5.669124167539637549e-01
-1.419543556305697285e+00
-2.182946703002940581e+00
-2.811821583935188773e+00
-3.269149930340872867e+00
-3.528372751742791635e+00
-3.574930293523614022e+00
-3.407075538563736128e+00
-3.035916074490899952e+00
-2.484685600311864029e+00
-1.787292494417178856e+00
-9.862359467917652944e-01
-1.300176056670845348e-01
7.297937131514969922e-01
1.541666692281187911e+00
2.257194714648132816e+00
2.833980723944234281e+00
3.238147895350703021e+00
3.446327529292601444e+00
3.447007630320219729e+00
3.241164507568496500e+00
2.842143070099451219e+00
2.274796671480167287e+00
1.573941667227493513e+00
7.822226358400227175e-01
-5.248094736632090418e-02
-8.799489626164389566e-01
-1.650640946470147474e+00
-2.318660868540283637e+00
-2.844489028200738900e+00
-3.197318537152098461e+00
-3.356858340741059266e+00
-3.314497368724260262e+00
-3.073763199355382447e+00
-2.650051214876727901e+00
-2.069644051144694519e+00
-1.368083567523750377e+00
-5.879960505086389011e-01
2.234963708103900049e-01
1.017620979906865841e+00
1.746884673321795090e+00
2.367913133626730282e+00
2.844029318205076429e+00
3.147418057100090483e+00
3.260749101484512025e+00
3.178164035764464934e+00
2.905571042659768288e+00
2.460233253606808113e+00
1.869678810046372375e+00
1.170001261504300949e+00
4.036551166357180143e-01
-3.831189035502376439e-01
-1.143082834978490503e+00
-1.830836517332100177e+00
-2.405528636961080213e+00
-2.833281947498629716e+00
-3.089188767372810673e+00
-3.158759304644952248e+00
-3.038738717932474742e+00
-2.737247055136439844e+00
-2.273237004756802460e+00
-1.675305291165702259e+00
-9.799320945846129449e-01
-2.292567805785490076e-01
5.314745258793815985e-01
1.256634990330780521e+00
1.902952566433875115e+00
2.432091003607111723e+00
2.812922486541101552e+00
3.023357257836796652e+00
3.051622777389101593e+00
2.896918478578954570e+00
2.569409953497847621e+00
2.089566153363126233e+00
1.486882534506590359e+00
7.980696596184161384e-01
6.481840028688236333e-02
-6.687222909026913076e-01
-1.358602516129637783e+00
-1.963703618258999084e+00
-2.448187837575733106e+00
-2.783619568194136029e+00
-2.950632733373548700e+00
-2.940046607302558623e+00
-2.753365934772038504e+00
-2.402638403020154634e+00
-1.909681154939543823e+00
-1.304725778043180906e+00
-6.245658020310719261e-01
8.967986798162930207e-02
7.950517011040825199e-01
1.449332388395698556e+00
2.013572562204472671e+00
2.454408344205451620e+00
2.746032891688141575e+00
2.871705517150371367e+00
2.824710232190593029e+00
2.608708985285788540e+00
2.237471396888237152e+00
1.734000240258504411e+00
1.129108024672637933e+00
4.595326523078622216e-01
-2.342926956915409031e-01
-9.106801367999391994e-01
-1.529190874918001208e+00
-2.053051879632275867e+00
-2.451341093858188991e+00
-2.700811382505846847e+00
-2.787245714996223089e+00
-2.706264686494488814e+00
-2.463540681353486139e+00
-2.074408755969329388e+00
-1.562900511119078573e+00
-9.602616654056853607e-01
-3.030446767720340606e-01
3.691072286277982673e-01
1.015850342595718381e+00
1.598561012947425697e+00
2.082641263960840927e+00
2.439571926297960491e+00
2.648591505209248353e+00
2.697902035758238615e+00
2.585331997365756251e+00
2.318419231820544102e+00
1.913911739750410179e+00
1.396719117496815654e+00
7.983801494270954535e-01
1.551407380819791737e-01
-4.942407613256033505e-01
-1.110827977373668674e+00
-1.657840182139197927e+00
-2.102845361861838125e+00
-2.419681994648413603e+00
-2.589995725865877674e+00
-2.604300762265984392e+00
-2.462504723328174272e+00
-2.173868134361866655e+00
-1.756403759345004589e+00
-1.235754506769833672e+00
-6.436196920684718048e-01
-1.582615737254820451e-02
6.098384460452168643e-01
1.195899232767284603e+00
1.707437775654524481e+00
2.114171636261817255e+00
2.392245947387380056e+00
2.525631120394630891e+00
2.507044867316635006e+00
2.338345628377985985e+00
2.030376424486930897e+00
1.602271183666665433e+00
1.080267736029751235e+00
4.961010121514448090e-01
-1.149252295417450692e-01
-7.160710424646583583e-01
-1.271368524523399657e+00
-1.747772971795085617e+00
-2.117128351363145367e+00
-2.357830246431470655e+00
-2.456088124849743703e+00
-2.406713268913979409e+00
-2.213387484323554588e+00
-1.888399034141027943e+00
-1.451864230080280427e+00
-9.304838388140687089e-01
-3.559110905825415561e-01
2.371690289921598582e-01
8.131327137327329924e-01
1.337556260615459403e+00
1.779272608032039127e+00
2.112222679442538276e+00
2.316991618990294821e+00
2.381939423393079736e+00
2.303860218845791064e+00
2.088132994146236765e+00
1.748357251819937064e+00
1.305497931073203555e+00
7.865932379344020564e-01
2.231049425057691493e-01
-3.509882659152590567e-01
-9.012388740082877270e-01
-1.394796689454823158e+00
-1.802369158805414040e+00
-2.099958928759328103e+00
-2.270275640528422123e+00
-2.303738969468381637e+00
-2.199014818566711771e+00
-1.963054829171801741e+00
-1.610639276247792573e+00
-1.163453168735349763e+00
-6.487531964239291460e-01
-9.770739574541589811e-02
4.564913860710546056e-01
9.806240921075806138e-01
1.443435831048363926e+00
1.817498818007743600e+00
2.080836891506783637e+00
2.218215445862381952e+00
2.222021135485616750e+00
2.092680656264996664e+00
1.838595772875131651e+00
1.475600855820288659e+00
1.025977769100635095e+00
5.170892989822801766e-01
-2.028513130061735878e-02
-5.538102896726437852e-01
-1.051540055391590789e+00
-1.483829493474474237e+00
-1.825099686629380269e+00
-2.055350310371160116e+00
-2.161330565138964044e+00
-2.137299986147734199e+00
-1.985335558931077493e+00
-1.715168964198254375e+00
-1.343566006186324824e+00
-8.932876486755730872e-01
-3.916969566566776417e-01
1.309028587318866732e-01
6.430984016164108530e-01
1.114253597551283725e+00
1.516341376592833079e+00
1.825610065632329082e+00
2.023985461921344431e+00
2.100125881189705890e+00
2.050068670404816107e+00
1.877431453210988144e+00
1.593158233341378516e+00
1.214827798530747627e+00
7.655680057672752392e-01
2.726429278641072651e-01
-2.342008871741013687e-01
-7.245287830475053426e-01
-1.169044793491076151e+00
-1.541341264468164995e+00
-1.819466853733525680e+00
-1.987219854738098812e+00
-2.035090704532870554e+00
-1.960798926900753969e+00
-1.769394328817912587e+00
-1.472918523086757636e+00
-1.089649211323283629e+00
-6.429745495173241343e-01
-1.599668492258731756e-01
3.302574583396596375e-01
7.982922885526365642e-01
1.216205124068555632e+00
1.559203307575263819e+00
1.807104049417354918e+00
1.945521039905379501e+00
1.966697962098280517e+00
1.869940697683445618e+00
1.661624298288457480e+00
1.354776388834664225e+00
9.682640385174917652e-01
5.256347598503885443e-01
5.368277005459327206e-02
-4.191722392830765642e-01
-8.645957728418911525e-01
-1.256035713024897582e+00
-1.570304395460838220e+00
-1.788951356161688544e+00
-1.899345531225563821e+00
-1.895403495580749942e+00
-1.777921844880669955e+00
-1.554495746905280917e+00
-1.239030570666729059e+00
-8.508778474121387880e-01
-4.136491718541520091e-01
4.621931529810586331e-02
5.010646351086649464e-01
9.236603503611159338e-01
1.288845638034433971e+00
1.575022620167191301e+00
1.765432889549787054e+00
1.849137832285640437e+00
1.821645465183474366e+00
1.685147964997737668e+00
1.448357566662650697e+00
1.125952630905047824e+00
7.376689796274449318e-01
3.070926784203387716e-01
-1.397719426596560621e-01
-5.760721344900758822e-01
-9.757197108734687596e-01
-1.314950317412807212e+00
-1.573735830375664557e+00
-1.736965984653415340e+00
-1.795329567291746198e+00
-1.745843854392829853e+00
-1.592002295470067219e+00
-1.343533468226112637e+00
-1.015787650801473152e+00
-6.287895888975467695e-01
-2.060158452916379113e-01
2.270286658822702475e-01
6.443486919723760975e-01
1.021018493655995618e+00
1.334669973654170949e+00
1.566820275900243642e+00
1.703960101808204008e+00
1.738338712403703523e+00
1.668400071329175338e+00
1.498845708100755569e+00
1.240322364928301280e+00
9.087549801710341768e-01
5.243667096369326597e-01
1.104462329765534823e-01
-3.080625620207559368e-01
-7.060631506489183362e-01
-1.059810722581751463e+00
-1.348328174616691744e+00
-1.554649341857845313e+00
-1.666815828662183696e+00
-1.678568924138894580e+00
-1.589696642143676897e+00
-1.406016784030870603e+00
-1.138998822950695544e+00
-8.050490339742907286e-01
-4.245033505000416763e-01
-2.038972031286135494e-02
3.829647581914563670e-01
7.613977084358006797e-01
1.092358303996513014e+00
1.356250452842698628e+00
1.537592371557394255e+00
1.625923976159962647e+00
1.616408961275052070e+00
1.510096991877656336e+00
1.313831964925205709e+00
1.039813571962724170e+00
7.048401300542844750e-01
3.292796074213859003e-01
-6.416817522404079377e-02
-4.518429841143560277e-01
-8.105464308093407455e-01
-1.118929588952702670e+00
-1.358763003187230867e+00
-1.516013576887730308e+00
-1.581664765929076566e+00
-1.552232196563273048e+00
-1.429945308167216211e+00
-1.222585775109211736e+00
-9.429940706250222737e-01
-6.082753624422962968e-01
-2.387537908931956776e-01
1.432609850548639818e-01
5.148201539999854859e-01
8.537138125264251975e-01
1.139798001033580865e+00
1.356191458632976632e+00
1.490271034742528977e+00
1.534407106360271555e+00
1.486396214465111720e+00
1.349566483161299457e+00
1.132551109460584016e+00
8.487451215108756664e-01
5.154795048642146771e-01
1.529635625105692787e-01
-2.169399891482596543e-01
-5.720329811083284532e-01
-8.911133905136906508e-01
-1.155240730686476258e+00
-1.348859743894355034e+00
-1.460715767798320242e+00
-1.484507954519324713e+00
-1.419242491049776511e+00
-1.269266129023848722e+00
-1.043979581942930279e+00
-7.572495301570122406e-01
-4.265559393012435807e-01
-7.192707608816047149e-02
2.852729317573713952e-01
6.236306279840979627e-01
9.229664097906636888e-01
1.165537496685220331e+00
1.337089006155394832e+00
1.427690907760460926e+00
1.432311760893758112e+00
1.351096152128662631e+00
1.189330662410900352e+00
9.571019297645463331e-01
6.686688031229006679e-01
3.415876046864083637e-01
-4.355881073404332775e-03
-3.483427569041202543e-01
-6.697733950565277761e-01
-9.495005439844275141e-01
-1.170969375060819218e+00
-1.321196622046975300e+00
-1.391530939009160139e+00
-1.378149993862839429e+00
-1.282265805663143299e+00
-1.110027453347847137e+00
-8.721284682542256306e-01
-5.831438801126416216e-01
-2.606379610497486787e-01
7.590275092084257380e-02
4.062463669762117480e-01
7.106314499863846113e-01
9.709486716987335564e-01
1.171817695573141638e+00
1.301495279747868716e+00
1.352561020413947768e+00
1.322340740682526716e+00
1.213043444457805764e+00
1.031605033982017305e+00
7.892495916660632327e-01
5.007958953956657133e-01
1.837519646592367106e-01
-1.427470752584450997e-01
-4.590934075095309819e-01
-7.463835998483724365e-01
-9.875477097196759813e-01
-1.168363005547066846e+00
-1.278292134890562481e+00
-1.311096382939668681e+00
-1.265188381698115538e+00
-1.143704415142767328e+00
-9.542933627481668957e-01
-7.086363152546436561e-01
-4.217269639520348501e-01
-1.109570499394464810e-01
2.049373778447862449e-01
5.070050809433610528e-01
7.772161079512851511e-01
9.995375037735936274e-01
1.160884100663191365e+00
1.251888038766532096e+00
1.267441800539168106e+00
1.206983334435042021e+00
1.074507449455792685e+00
8.783041395600849066e-01
6.304408541002211042e-01
3.460209879604385086e-01
4.226411418734975917e-02
-2.625360613197652571e-01
-5.501129918590019763e-01
-8.033215568259568506e-01
-1.007159777299144965e+00
-1.149657122075664839e+00
-1.222576837156849283e+00
-1.221891131716979606e+00
-1.148001864172135233e+00
-1.005694753855645329e+00
-8.038311677273253242e-01
-5.547972343108582560e-01
-2.737444794446882157e-01
2.233149866002512307e-02
3.156183220460144767e-01
5.885580259416007820e-01
8.248977586484813607e-01
1.010657138456984239e+00
1.134954719027881254e+00
1.190644737961189747e+00
1.174726929053901525e+00
1.088505957570611749e+00
9.374921535321689703e-01
7.310507583931185049e-01
4.818219323807242938e-01
2.049473950951454793e-01
-8.284901871548948360e-02
-3.642710856916259732e-01
-6.224892646452084843e-01
-8.421467141154467262e-01
-1.010272145375257669e+00
-1.117045275950488969e+00
-1.156369745661865567e+00
-1.126220113903474207e+00
-1.028743255915335109e+00
-8.701092869248630013e-01
-6.601221733953407389e-01
-4.116145386430833386e-01
-1.396639794835213833e-01
2.765429417582492277e-01
7.623208344220362420e-01
1.065782914360192013e+00
1.116194975965496106e+00
9.028983039794843402e-01
4.775310495533464650e-01
-5.846555376527289710e-02
-5.780350314190000338e-01
-9.586210591079251664e-01
-1.111073048694467547e+00
-1.000525114156776141e+00
-6.543595827750792182e-01
-1.554386851145331538e-01
3.777258069508397376e-01
8.191203013070581518e-01
1.065009836923898279e+00
1.058314018902507758e+00
8.018513413777148546e-01
3.573803293254105840e-01
-1.692665594699079845e-01
-6.533791792693736111e-01
-9.808982467341621492e-01
-1.075285175890608569e+00
-9.154039944213205882e-01
-5.402386283741419382e-01
-3.939663487913427214e-02
4.682894934113850938e-01
8.629542607709342894e-01
1.051996743903958365e+00
9.918040603081549333e-01
6.978054426586310921e-01
2.405409980986379925e-01
-2.712583863797192185e-01
-7.165225847911791401e-01
-9.904795605165014338e-01
-1.029305401542118137e+00
-8.249883228377330457e-01
-4.269461697288491897e-01
6.991943843436064510e-02
5.478461975285581209e-01
8.941192543392157965e-01
1.027651173327869261e+00
9.179664287292085278e-01
5.921466369952353981e-01
1.281562184241873681e-01
-3.638093751032239753e-01
-7.674916786677086211e-01
-9.880400570146821160e-01
-9.742948915422997569e-01
-7.306489156025117726e-01
-3.157380844542675979e-01
1.716644641238098679e-01
6.161591086350175495e-01
9.130396457263461052e-01
9.929552576536083697e-01
8.381064733458158944e-01
4.861937973009836100e-01
2.124701983447449538e-02
-4.464358788305959336e-01
-8.064517206550825268e-01
-9.743517147755771379e-01
-9.114471550630501850e-01
-6.337170358518943170e-01
-2.077684890915486859e-01
2.651330164370108156e-01
6.731357980365664240e-01
9.202548151530970388e-01
9.489497763347259918e-01
7.535182543442391356e-01
3.811875788997192149e-01
-7.929192414623582874e-02
-5.187986847253052147e-01
-8.336963022936718648e-01
-9.502685300091571197e-01
-8.419722727459535427e-01
-5.354714813268427465e-01
-1.040827200005152858e-01
3.497588125782696289e-01
7.188203512709638865e-01
9.164058190272124094e-01
8.967185185350808885e-01
6.654703108789691290e-01
2.782809451130223155e-01
-1.726947998103584569e-01
-5.806979903073666849e-01
-8.496360185137207255e-01
-9.167115882221840151e-01
-7.670819096338891141e-01
-4.371270763704178663e-01
-5.612003667629201879e-03
4.251126363769182070e-01
7.533844121405043337e-01
9.022217019871048294e-01
8.373731172212039997e-01
5.751926041501077558e-01
1.785312908833057155e-01
-2.583255153865157139e-01
-6.320670822045963977e-01
-8.547864902667792197e-01
-8.746542855374754843e-01
-6.879752372018413942e-01
-3.398246141361008776e-01
8.683022661737739567e-02
4.908988089909577801e-01
7.771173091885763551e-01
8.785056407489691965e-01
7.720385004448431232e-01
4.838647135300281898e-01
8.289415642358174963e-02
-3.356770131087351561e-01
-6.729648705014282806e-01
-8.497559165333083975e-01
-8.251078609495686722e-01
-6.058258706616532763e-01
-2.446222753148449558e-01
1.725504270928681638e-01
5.469503372741459923e-01
7.904154353152685886e-01
8.461210900342230889e-01
7.018390894849745321e-01
3.926053443923718800e-01
-7.781494964052588538e-03
-4.043691350872793411e-01
-7.035674356356321768e-01
-8.352323284502974898e-01
-7.691073872021951807e-01
-5.217699094316703423e-01
-1.524885310240412795e-01
2.509755268794113814e-01
5.932228776083501298e-01
7.937710492829057607e-01
8.059780902938770142e-01
6.278858568772979210e-01
3.024631875335744846e-01
-9.275647720613026948e-02
-4.641451570937316640e-01
-7.241587464756988890e-01
-8.119707110501175329e-01
-7.076983535429614003e-01
-4.368951504948771491e-01
-6.429651990622267665e-02
3.216520852464472835e-01
6.297876581418150321e-01
7.877606640900542967e-01
7.590198851965167526e-01
5.512643404442360007e-01
2.144091520141621077e-01
-1.714031171587638014e-01
-5.148671126795777431e-01
-7.351207079580810433e-01
-7.807801493894981348e-01
-6.419239585356790734e-01
-3.522315265233416648e-01
1.918012690919263658e-02
3.842441207598967234e-01
6.568235055479200168e-01
7.730331817500964986e-01
7.062099841166961101e-01
4.730236924608882121e-01
1.293299760501944451e-01
-2.432055962932698767e-01
-5.565100364306123648e-01
-7.369226945979244769e-01
-7.425111458644984008e-01
-5.728132156060030677e-01
-2.687428033043979814e-01
9.727005440267343095e-02
4.385297195389007419e-01
6.746081237093657368e-01
7.502979270651566335e-01
6.485197913580118545e-01
3.941668262527001643e-01
4.802320439936057228e-02
-3.077589806847195741e-01
-5.891552596599261005e-01
-7.301107224472621615e-01
-6.980432444486797117e-01
-5.013699582651293118e-01
-1.873195543383831818e-01
1.694056009042603783e-01
4.843965373024146648e-01
6.835087712412828420e-01
7.203127247090579388e-01
5.869169097730281281e-01
3.156417060029092503e-01
-2.880649436593815671e-02
-3.647670316607436458e-01
-6.129828945254963690e-01
-7.152964068044392887e-01
-6.482730856515837026e-01
-4.285628161954919135e-01
-1.087734146352093700e-01
2.351229312452299547e-01
5.218363155533460862e-01
6.839724826141665437e-01
6.838721545034028848e-01
5.223542120003564770e-01
2.383338095271535784e-01
-1.005497111176259922e-01
-4.140388978225879590e-01
-6.282636435087426419e-01
-6.931458463359141398e-01
-5.941030033641707675e-01
-3.553162177777115516e-01
-3.383260085388504340e-02
2.940609637426186418e-01
5.509385361738834419e-01
6.765159739439617903e-01
6.417961093684702023e-01
4.557597579123289777e-01
1.630597783950259172e-01
-1.666934328753080785e-01
-4.554847958235815897e-01
-6.353500704999569537e-01
-6.643685664163081483e-01
-5.364302616270670843e-01
-2.825024593534536943e-01
3.686132888757506776e-02
3.459591780334493327e-01
5.718833409593109263e-01
6.617153694264549246e-01
5.949187692359215740e-01
3.880276222425126376e-01
9.056225519125137013e-02
-2.268209969744408305e-01
-4.891107923141959635e-01
-6.346674675182757408e-01
-6.297066455919576589e-01
-4.761370159084065135e-01
-2.109348667203123917e-01
1.027555148559318593e-01
3.906543983021841249e-01
5.849338432670470045e-01
6.401958780488719025e-01
5.440780924003028041e-01
3.200096819000617376e-01
2.150589402517896070e-02
-2.806109364010737073e-01
-5.150128028767146926e-01
-6.267044474652332386e-01
-5.899241392927695449e-01
-4.140810698833468639e-01
-1.413620601733786009e-01
1.633866859413431460e-01
4.280766524174933196e-01
5.904279581022949808e-01
6.126215427628789456e-01
4.901059135380744780e-01
2.525083983433408230e-01
-4.352548228214152964e-02
-3.278347982291778262e-01
-5.333699256405523004e-01
-6.120033884035930294e-01
-5.457969044263010217e-01
-3.510874851376811767e-01
-7.446332097662144989e-02
2.183809611547590235e-01
4.582442119366091915e-01
5.887698747023977219e-01
5.796851759072957355e-01
4.338187251007065148e-01
1.862706167159565440e-01
-1.040306164869733846e-01
-3.683540238735872330e-01
-5.444372276620954576e-01
-5.911508488006841366e-01
-4.981029174492476730e-01
-2.879410878229092252e-01
-1.084504456918422219e-02
2.674526320445552718e-01
4.812579208903316474e-01
5.804212921280778037e-01
5.420985854782991442e-01
3.760092061579964340e-01
1.219823903722124098e-01
-1.595914912729392843e-01
-4.021159852075977814e-01
-5.485381011607516344e-01
-5.647680661196469165e-01
-4.476131670889307301e-01
-2.253799032169300498e-01
4.896174581632488365e-02
3.104020031404369218e-01
4.972949227926906635e-01
5.658925336489911695e-01
5.005831870173648168e-01
3.174385501793080544e-01
6.026482705693209790e-02
-2.098730014687629208e-01
-4.291492745130241482e-01
-5.460563044201380833e-01
-5.335016432264515496e-01
-3.950831912339389795e-01
-1.640895365239287695e-01
1.045028620533675207e-01
3.471123736279225214e-01
5.066018954872969493e-01
5.457336499435038180e-01
4.558610855729609557e-01
2.588296308349331554e-01
1.670941446453863251e-03
-2.546216899266999789e-01
-4.495583487784128862e-01
-5.374277986967986864e-01
-4.980145184490364363e-01
-3.412453157788942204e-01
-1.046985061941290429e-01
1.554014369924195393e-01
3.775462482190169444e-01
5.094879023407660190e-01
5.205256144543386476e-01
4.086467015434854244e-01
2.008610328143819179e-01
-5.331651190704571330e-02
-2.936636195856377474e-01
-4.635176300906551083e-01
-5.231324879437677655e-01
-4.589773059221410878e-01
-2.868016415342565240e-01
-4.777452466626719296e-02
2.013574881534624106e-01
4.017408686328610701e-01
5.063169660039754660e-01
4.908717067836707582e-01
3.596390033653207308e-01
1.441619630063059876e-01
-1.042862608903363658e-01
-3.269014597225743390e-01
-4.712651638438840052e-01
-5.036859626675208590e-01
-4.170600832181123874e-01
-2.324178138271128791e-01
6.178289181147288145e-03
2.421466213385449207e-01
4.198031592825853808e-01
4.975004675905722040e-01
4.573891719086380925e-01
3.095143991133442740e-01
8.930804627791104344e-02
-1.508988377600136710e-01
-3.543108686359883741e-01
-4.730959352983680200e-01
-4.796313429203590828e-01
-3.729246933389625540e-01
-1.787175982463644897e-01
5.672129135938452915e-02
2.776179423418014824e-01
4.319041817330829813e-01
4.834894697726992985e-01
4.207012343839123814e-01
2.589203282562652642e-01
3.681799962392280634e-02
-1.928860526892877125e-01
-3.759362580318549862e-01
-4.693549427418585163e-01
-4.515313084075446848e-01
-3.272176180594756345e-01
-1.262782752324790592e-01
1.034823222503579582e-01
3.076912498526046535e-01
4.382731923083957315e-01
4.647670570758891673e-01
3.814295377035674117e-01
2.084695841788670179e-01
-1.284883129469987888e-02
-2.300496775022589646e-01
-3.918860262423348728e-01
-4.604301222348412548e-01
-4.199603960857244966e-01
-2.805634694929198258e-01
-7.562685598002485965e-02
1.461558865398877860e-01
3.323535864195251155e-01
4.391913959683648727e-01
4.418407806851713526e-01
3.401870697473044491e-01
1.587353877581828276e-01
-5.929409816263152277e-02
-2.622594036539866447e-01
-4.023273481426031251e-01
-4.467452147565613707e-01
-3.854976375692354407e-01
-2.335591367171871990e-01
-2.723711249028415438e-02
1.845025528581412111e-01
3.516552269902619154e-01
4.349854873145608813e-01
4.152352884653527920e-01
2.975716258569006123e-01
1.102472223590735406e-01
-1.021812716327209075e-01
-2.894501429265317061e-01
-4.074806093093872872e-01
-4.287526616129959667e-01
-3.487196002655325033e-01
-1.867686144624030598e-01
1.847259433750181312e-02
2.183476283387997818e-01
3.657051861142624483e-01
4.260210664207463860e-01
3.854852137681116786e-01
2.541598516971469990e-01
6.348743118877588076e-02
-1.412356988535415636e-01
-3.116187426562618823e-01
-4.076135706531275882e-01
-4.069266083293613390e-01
-3.101938875472100565e-01
-1.407185313203218879e-01
6.114071289830593642e-02
2.475791682551985451e-01
3.746663254283193467e-01
4.126960131999407033e-01
3.531283890596865760e-01
2.105018987568695599e-01
1.888856909527974332e-02
-1.762439435196173909e-01
-3.288201896191563778e-01
-4.030353475283451337e-01
-3.817560910338332336e-01
-2.704731445498613773e-01
-9.589438578421280446e-02
1.004631571026328579e-01
2.721453848435633205e-01
3.787501426087377387e-01
3.954338993189784324e-01
3.186994425695828803e-01
1.671167162445623411e-01
-2.316850731962021015e-02
-2.070524604555480652e-01
-3.411633780147981243e-01
-3.940902842700519382e-01
-3.537384726541244473e-01
-2.300896074680905123e-01
-5.273748974827704300e-02
1.361932589663740478e-01
2.920515223867431454e-01
3.782113216240046150e-01
3.746775113491349063e-01
2.827238281399058195e-01
1.244879943201691735e-01
-6.235583492284969137e-02
-2.335656612036877966e-01
-3.488065173494109272e-01
-3.811518013013412420e-01
-3.233731892006586617e-01
-1.895502256074657887e-01
-1.164261095396500537e-02
1.681410616571605288e-01
3.073562676398694515e-01
3.733421219363216026e-01
3.508825529980925118e-01
2.457123303515992008e-01
8.306076516567896528e-02
-9.839885504076444078e-02
-2.557434306191450624e-01
-3.519522554836907458e-01
-3.646162875000785730e-01
-2.911558591026409126e-01
-1.493323770324175015e-01
2.704370166445529619e-02
1.961720019650515512e-01
3.181677657668861570e-01
3.644666813541216355e-01
3.245115880042843681e-01
2.081560789169940862e-01
4.323866040432136626e-02
-1.310762766608469243e-01
-2.735981570951954156e-01
-3.508425907398887711e-01
-3.448971054927342794e-01
-2.575728010967724968e-01
-1.098801905103642396e-01
6.302413267124193363e-02
2.202050351801955186e-01
3.246393121647559443e-01
3.519353036108819888e-01
2.960282786872133753e-01
1.705220983486094855e-01
5.381815897356393048e-03
-1.602193335079877268e-01
-2.871913407799814300e-01
-3.457536448237072957e-01
-3.224187720532083468e-01
-2.230959986397862693e-01
-7.160147867216921924e-02
9.605098398733594167e-02
2.402102585162494142e-01
3.269647899385548784e-01
3.361187975241922699e-01
2.658919683334416417e-01
1.332494111291755712e-01
-3.019459196561451175e-02
-1.857104810728254229e-01
-2.966298450315639212e-01
-3.369903654826427730e-01
-2.976113699165607862e-01
-1.881785413135385610e-01
-3.486527995261239077e-02
1.259259625211978373e-01
2.562060915282350360e-01
3.253739214071351693e-01
3.174029298568524227e-01
2.345526486493033635e-01
9.674570509335420065e-02
-6.322120067168468527e-02
-2.074815832802745508e-01
-3.020618564368966474e-01
-3.248812243681087897e-01
-2.709052411635161639e-01
-1.532505663032403265e-01
-6.348772173367268178e-15
