0.000000000000000000e+00
1.426556498634203196e+00
2.594863184569661918e+00
3.310345366432444258e+00
3.475964497767420891e+00
3.110523935885728175e+00
2.340426369507417448e+00
1.367148155963840317e+00
4.183511152685432943e-01
-3.056967428995698843e-01
-6.777451783741202940e-01
-6.705970936930489845e-01
-3.594289726057916523e-01
1.008092423213766270e-01
5.171937389418320707e-01
7.095735697256477792e-01
5.579407340218439648e-01
3.496548016942972043e-02
-7.841777967137043559e-01
-1.737128133857055223e+00
-2.611231374082027212e+00
-3.193301434132837624e+00
-3.320475888896569749e+00
-2.920118877534647606e+00
-2.029298409221153232e+00
-7.891693679394120586e-01
5.845132466782628766e-01
1.847937292204602455e+00
2.782049769831688391e+00
3.239441499238360223e+00
3.174543453777180169e+00
2.650341339259915330e+00
1.820347402326299990e+00
8.903590890446658745e-01
6.921837845338667250e-02
-4.797329112152432518e-01
-6.750985288034738740e-01
-5.333492998600259938e-01
-1.607413153580395382e-01
2.765173684362368101e-01
5.964418479485572577e-01
6.490098525418414033e-01
3.558976002191795440e-01
-2.673952352677716471e-01
-1.112403993283433978e+00
-2.001417382742696649e+00
-2.728480915326721323e+00
-3.107994065108650172e+00
-3.019396966051151043e+00
-2.437354015337892310e+00
-1.440253252267784667e+00
-1.949381342602645451e-01
1.078835884470511930e+00
2.155989569411388196e+00
2.854734772614224259e+00
3.075007946554099370e+00
2.817954579762144363e+00
2.182179507396278417e+00
1.337937094895585766e+00
4.855802126937844854e-01
-1.917917060742961588e-01
-5.702908937271653489e-01
-6.120043143330796687e-01
-3.704551070216560160e-01
2.623428708904265022e-02
4.101655479228525913e-01
6.179118527807893058e-01
5.334330912411500147e-01
1.192748517375453177e-01
-5.714960361798956390e-01
-1.405547949907296923e+00
-2.199362029099769966e+00
-2.762036831239232271e+00
-2.940694678047934385e+00
-2.657735579972168694e+00
-1.931099100418792069e+00
-8.726915602874248945e-01
3.347346748761607649e-01
1.476914853527126370e+00
2.354505392262613572e+00
2.825880595647616289e+00
2.836458843838755239e+00
2.427929317451101632e+00
1.725490559672696600e+00
9.063637304947899098e-01
1.571912334797921640e-01
-3.695434128947652219e-01
-5.898194549080759685e-01
-5.051510497520246279e-01
-1.986321759359225281e-01
1.888149590755949514e-01
4.960580270658821456e-01
5.840464272007385160e-01
3.725219302461931226e-01
-1.377282783115446052e-01
-8.624713688904207531e-01
-1.652126409451310396e+00
-2.326115087772401058e+00
-2.715349911202628252e+00
-2.702803597874535946e+00
-2.252545496685061543e+00
-1.420343268679263637e+00
-3.432627752151863332e-01
7.893719637709015746e-01
1.776937667347117777e+00
2.450903432669156778e+00
2.710642115884227099e+00
2.543473139183367149e+00
2.024483331143491327e+00
1.296428325106379731e+00
5.346687784347403660e-01
-9.445128000573997651e-02
-4.719281553073197411e-01
-5.521530217949466302e-01
-3.707200714879970715e-01
-3.239422413257691397e-02
3.176275067192914081e-01
5.320736570591385606e-01
5.002400612699036131e-01
1.775616955687077392e-01
-4.010366528861791791e-01
-1.127269415940201247e+00
-1.843703656651293876e+00
-2.380351259335966585e+00
-2.594986208383021076e+00
-2.407639837069291744e+00
-1.821092365368145449e+00
-9.224733112553215042e-01
1.344775176563128005e-01
1.162403579644337270e+00
1.980936091646574804e+00
2.455515501664061517e+00
2.525497852833598955e+00
2.215168545814429457e+00
1.625321256732714881e+00
9.076178397094993855e-01
2.279499966246758824e-01
-2.724643250041792752e-01
-5.090798715317502721e-01
-4.716763288257766473e-01
-2.236929855167892334e-01
1.163414218951534934e-01
4.066163192336652021e-01
5.192968312079310200e-01
3.741899433958732479e-01
-3.932233270448103057e-02
-6.573947203626955282e-01
-1.355106235982162843e+00
-1.974993366755013025e+00
-2.363990900121936800e+00
-2.410038707413173942e+00
-2.069681352318673451e+00
-1.380105106824752959e+00
-4.527169468737278768e-01
5.502963818890079795e-01
1.451008054107118195e+00
2.094272640379225781e+00
2.380833022740536986e+00
2.287427918033168250e+00
1.869398437543539515e+00
1.245412066412024954e+00
5.681035864177600425e-01
-1.230986833920693670e-02
-3.828097452660276789e-01
-4.925952840674348021e-01
-3.625757673853809981e-01
-7.730635421220384551e-02
2.384737617449605718e-01
4.528943045390818045e-01
4.615437248120553559e-01
2.152184040443242963e-01
-2.658781387208585256e-01
-8.949403737657299907e-01
-1.537760086887501432e+00
-2.043801294198540841e+00
-2.281803973569234589e+00
-2.171487103129400076e+00
-1.703834187901919206e+00
-9.451303197814673318e-01
-2.373893755314986781e-02
8.973458176748684290e-01
1.655813616466375926e+00
2.125045500236997675e+00
2.240750545986698317e+00
2.013168594166335090e+00
1.522187279603988141e+00
8.967327488222789356e-01
2.834568628996250172e-01
-1.878010735092701389e-01
-4.336237398700374390e-01
-4.347927525843252039e-01
-2.381996769360115451e-01
5.734070470001237374e-02
3.277775869106446804e-01
4.564635984003834746e-01
3.648188167749022437e-01
3.360179398905756287e-02
-4.903601672649694487e-01
-1.103645240306595943e+00
-1.669711281437542105e+00
-2.050830036412152335e+00
-2.140925936315649203e+00
-1.891540673392205774e+00
-1.324760141343331421e+00
-5.300069145158576855e-01
3.546092777805083807e-01
1.172074583095390032e+00
1.780487446928984419e+00
2.083446946732536276e+00
2.049839197745255692e+00
1.718566533479618519e+00
1.187312292120125345e+00
5.881709323098492925e-01
5.601807234533666413e-02
-3.028648946761418048e-01
-4.345392379483940526e-01
-3.480375866659833339e-01
-1.105422347988909704e-01
1.715278509015921438e-01
3.808202121359230419e-01
4.198353300881803585e-01
2.367354964760323699e-01
-1.600639159709363879e-01
-7.020628705181384266e-01
-1.275616998650932032e+00
-1.748139323424486635e+00
-1.999370857437255067e+00
-1.950317738544202539e+00
-1.582995896173935879e+00
-9.462865029615542545e-01
-1.464708045660663149e-01
6.753926736159775457e-01
1.374010399503274193e+00
1.831243708744083598e+00
1.981108276405315616e+00
1.822677798675020666e+00
1.418048502102393194e+00
8.760317457742947678e-01
3.255712627209597088e-01
-1.147532417421646828e-01
-3.639244402316198501e-01
-3.960318412408002087e-01
-2.441553086339619261e-01
1.014170478393718738e-02
2.590121467691194890e-01
3.967574113889672516e-01
3.475786502511781229e-01
8.593201133928050905e-02
-3.554359152686425993e-01
-8.917419093691808518e-01
-1.405266143929218892e+00
-1.772794168580229979e+00
-1.894909728020421680e+00
-1.720200866000843654e+00
-1.258636099108712436e+00
-5.809149986501886964e-01
1.961074620010074543e-01
9.345605178944689229e-01
1.505436710079259832e+00
1.816300928331831210e+00
1.830461018245426397e+00
1.573263604616364830e+00
1.124215667352280290e+00
5.969538414988189157e-01
1.119058946610203414e-01
-2.318492151962023018e-01
-3.788991065618154130e-01
-3.288152207409427707e-01
-1.339478042518235934e-01
1.155902133545686356e-01
3.159976842703558497e-01
3.770332077623466116e-01
2.458286837393966751e-01
-7.848962984700186274e-02
-5.429166676393026858e-01
-1.051916976047160057e+00
-1.489345508967385934e+00
-1.745762177653678249e+00
-1.744675425382540057e+00
-1.461495854234057035e+00
-9.306953573199057139e-01
-2.394406327558144254e-01
4.908555100860138021e-01
1.130795708395459398e+00
1.570990013901302884e+00
1.745317962851460347e+00
1.644139993182139436e+00
1.314518559394118435e+00
8.475649206306981043e-01
3.560347127460677941e-01
-5.245359920561654121e-02
-3.002339238040876435e-01
-3.566304566750126415e-01
-2.433064775704109062e-01
-2.682088234074148439e-02
1.996616694476447962e-01
3.409940056687593146e-01
3.250094431374285775e-01
1.217812635359649259e-01
-2.474786202251315625e-01
-7.140523109900006604e-01
-1.177056331953861612e+00
-1.526875653083385354e+00
-1.671149676440810472e+00
-1.557156884501640581e+00
-1.185289225101219701e+00
-6.104033849029929515e-01
6.931502532673895767e-02
7.334111343622072843e-01
1.265265549537703649e+00
1.577204277125994869e+00
1.628835325864037120e+00
1.434448960525712913e+00
1.057900899918862825e+00
5.963338869167758016e-01
1.566898265870360352e-01
-1.693872842847381766e-01
-3.263404002003095217e-01
-3.063433860819675392e-01
-1.491763475389226989e-01
6.947424829004442137e-02
2.583462367476404564e-01
3.345838997036986728e-01
2.455510132220043440e-01
-1.680053429745423377e-02
-4.124859464602564363e-01
-8.618301525671816510e-01
-1.263648536114500454e+00
-1.518972862408246138e+00
-1.554708069669257453e+00
-1.341615193208408829e+00
-9.023496052672542733e-01
-3.076225896799819060e-01
3.386571989497135782e-01
9.218265858167008497e-01
1.341295991867691217e+00
1.532028169682639662e+00
1.477745278671578122e+00
1.212904414581367218e+00
8.131261880699861555e-01
3.764612731486077779e-01
1.652475305079026153e-14
-2.426256795430808966e-01
-3.175693992180515512e-01
-2.371619423212479871e-01
-5.499352411580786526e-02
1.489884664713816143e-01
2.896756704876501942e-01
2.991226832684226178e-01
1.445914580725804199e-01
-1.620466490242971902e-01
-5.658375295700487362e-01
-9.808735402472956721e-01
-1.310171324218922129e+00
-1.468598945943045742e+00
-1.403424284038712555e+00
-1.107612894001324344e+00
-6.227091590494971962e-01
-3.058304215784229951e-02
5.640639147137521681e-01
1.056381503019070189e+00
1.363992176282504021e+00
1.444339069891492411e+00
1.302810093154697091e+00
9.898678441071211420e-01
5.879965829135357369e-01
1.916501729746170057e-01
-1.150086178991756997e-01
-2.773203940486038133e-01
-2.818117581367229896e-01
-1.576943562150880940e-01
3.203295862438587660e-02
2.076186763775534072e-01
2.935484826853537732e-01
2.383914306226212199e-01
2.870144096217094876e-02
-3.063898176339376889e-01
-7.010219573921636638e-01
-1.067537277246956240e+00
-1.316971092727579062e+00
-1.380253293366331624e+00
-1.225099092558667113e+00
-8.645798299894635885e-01
-3.553216631840443451e-01
2.142839280061220042e-01
7.431347471800154869e-01
1.139322987009834476e+00
1.339827834320789668e+00
1.323475125838559086e+00
1.114243505077719076e+00
7.742716837448098133e-01
3.883325839306415728e-01
4.351893820968463777e-02
-1.910319784881459593e-01
-2.796089407762293311e-01
-2.270124682328734100e-01
-7.569697468321921752e-02
1.062141990887438409e-01
2.430593883203923389e-01
2.714891928485854145e-01
1.572259148131484319e-01
-9.532025749978215168e-02
-4.429120217865609166e-01
-8.128897097912581859e-01
-1.119910900587280045e+00
-1.286068909411026251e+00
-1.259627865638789146e+00
-1.027933778543212773e+00
-6.214308876397577341e-01
-1.078038053875460811e-01
4.224172711400694391e-01
8.754555240151024043e-01
1.174552388024493688e+00
1.276224839265671207e+00
1.178803379699284282e+00
9.213658453983462060e-01
5.734394756318551556e-01
2.179976934130971322e-01
-6.817774169774293291e-02
-2.321240628334360068e-01
-2.561935976091659350e-01
-1.607904954248445262e-01
2.177919996999384041e-03
1.634498969416972591e-01
2.546758905606209544e-01
2.263610417162820743e-01
6.114143765032756944e-02
-2.208170370067684130e-01
-5.656191927184386348e-01
-8.977651875700186634e-01
-1.137740465396205103e+00
-1.220910423924144173e+00
-1.113245037768431311e+00
-8.201428314075690507e-01
-3.862468740756622165e-01
1.137381924879169171e-01
5.911104370668135433e-01
9.623944037776263061e-01
1.167278446770947165e+00
1.181142150796495871e+00
1.019338270019569004e+00
7.323388793970336819e-01
3.929965856147301095e-01
7.900353614950333947e-02
-1.452758787070295154e-01
-2.433211962049479093e-01
-2.139511224014255530e-01
-9.012418349027409570e-02
7.054977204778371813e-02
2.012134358831969283e-01
2.433147551401206310e-01
1.620512491401529254e-01
-4.402857567513659975e-02
-3.415936181845139474e-01
-6.696400586251184395e-01
-9.534766734945198108e-01
-1.122281918701179437e+00
-1.126077546377864058e+00
-9.480966531551866527e-01
-6.096071322755646227e-01
-1.660256334512133503e-01
3.047985732286834781e-01
7.194188201357307744e-01
1.006845981994246575e+00
1.123655627289597225e+00
1.062690734102276435e+00
8.534209396682707061e-01
5.539821884098297122e-01
2.368643028431739461e-01
-2.831903828625817812e-02
-1.908957138522640318e-01
-2.302727099990190818e-01
-1.595866943071295174e-01
-2.110794503318354221e-02
1.253961119527396695e-01
2.184648678564733715e-01
2.110682923530566579e-01
8.314678149828559628e-02
-1.524651642703180321e-01
-4.521754267123489490e-01
-7.513489755685431870e-01
-9.793124790975654692e-01
-1.076100704132867847e+00
-1.006979391206640040e+00
-7.713004475410849548e-01
-4.035785862896270060e-01
3.349345722762941957e-02
4.624840955342016668e-01
8.080031527320430396e-01
1.012940438385961262e+00
1.050424932781005349e+00
9.287879533909250140e-01
6.884658896162625386e-01
3.916691513720907958e-01
1.073273713306220484e-01
-1.050984790024477034e-01
-2.091193318524079137e-01
-1.988934263060976593e-01
-9.934184439537201150e-02
4.121793283551891673e-02
1.640640666867947406e-01
2.155049249389977828e-01
1.610095897361806527e-01
-5.383191731755660250e-03
-2.586557045535199384e-01
-5.480033905877248479e-01
-8.084160678955910617e-01
-9.759139071852164227e-01
-1.002832949300026089e+00
-8.695388683367462068e-01
-5.897873332578420502e-01
-2.084435792331534865e-01
2.079321101621678658e-01
5.854564002771401876e-01
8.589229258244103216e-01
9.857342982575331147e-01
9.545723666987083744e-01
7.868616262043359733e-01
5.307778033866784595e-01
2.492973409943123331e-01
5.162992706930128080e-03
-1.536666008878619649e-01
-2.046685057951079800e-01
-1.550505709271195465e-01
-3.876253601091204232e-02
9.296602723697838799e-02
1.852160256507171532e-01
1.937842124286050793e-01
9.691404455746323310e-02
-9.848426734397736082e-02
-3.576364791784910624e-01
-6.255628499569620971e-01
-8.397909180992203515e-01
-9.451172708029765834e-01
-9.069235204225550850e-01
-7.198895830159838249e-01
-4.100300765094163635e-01
-2.954914833370909585e-02
3.543065513020596247e-01
6.738150848928673442e-01
8.753944855664588243e-01
9.308982582474253364e-01
8.430176527371264772e-01
6.436105536071364819e-01
3.854379682389611483e-01
1.293255220855913101e-01
-7.018190222716717830e-02
-1.772836835876357986e-01
-1.825969230078139938e-01
-1.042946419241640721e-01
1.746988149753335093e-02
1.314337082981875682e-01
1.887203062469086645e-01
1.556820049366484660e-01
2.298194692239744624e-02
-1.912819581704106597e-01
-4.451806449157099110e-01
-6.824484399818010472e-01
-8.456283271149754865e-01
-8.897580745991067186e-01
-7.933554804464895138e-01
-5.640955293247389424e-01
-2.378208191676073335e-01
1.289074937766948314e-01
4.709980797917263096e-01
7.289332965330704850e-01
8.615283079462217053e-01
8.544158518003771574e-01
7.223430221281279540e-01
5.048250686289930123e-01
2.562567498873255523e-01
3.286747033099681609e-02
-1.203788262436058104e-01
-1.798590295071485767e-01
-1.480085672140458164e-01
-5.164063457046041278e-02
6.564526058274439135e-02
1.550753181089813137e-01
1.754987923986227605e-01
1.042686567153003618e-01
-5.642516999160500368e-02
-2.793066017602828244e-01
-5.179294342083546887e-01
-7.173695022678904243e-01
-8.271662880947991958e-01
-8.134506348348926608e-01
-6.673841725500356814e-01
-4.079035824558539525e-01
-7.810184479570934923e-02
2.639283396672102988e-01
5.576691488417506726e-01
7.532583802792727212e-01
8.220591805953250120e-01
7.623046428217097326e-01
5.985689699215169801e-01
3.752681047340479248e-01
1.457861182268001266e-01
-4.016847265248620763e-02
-1.479849105313636171e-01
-1.656798382528118230e-01
-1.058114236133985281e-01
-1.402994301171646288e-03
1.030719365701421586e-01
1.634234644250766588e-01
1.473439750056411424e-01
4.306464865092302086e-02
-1.370238838468681164e-01
-3.586724664227642356e-01
-5.734672750251892381e-01
-7.301027447407143489e-01
-7.865672862539034860e-01
-7.203559655079199153e-01
-5.342873974244332080e-01
-2.565361587895390594e-01
6.514890045761821680e-02
3.737075850339391936e-01
6.151347936347132395e-01
7.500902022359250410e-01
7.620817307375836736e-01
6.603692786373149826e-01
4.769810147319269999e-01
2.586145847614187976e-01
5.538432029464567669e-02
-9.090584993938875813e-02
-1.562019048558282441e-01
-1.391593072291650579e-01
-6.051297631308957120e-02
4.291514025947802680e-02
1.280701157955281277e-01
1.569694815565703949e-01
1.067176667204544488e-01
-2.419215834423660630e-02
-2.148158074560428954e-01
-4.262082563948303426e-01
-6.103439879811699553e-01
-7.214004703525835893e-01
-7.267343893677100652e-01
-6.149497845569480425e-01
-3.991410911740754797e-01
-1.145287573834707362e-01
1.889786378490882768e-01
4.575749127681257855e-01
6.452000646928901517e-01
7.233492811212445250e-01
6.868020496054151325e-01
5.539932424153118928e-01
3.620087912814485831e-01
1.574446480416949457e-01
-1.467652887822999165e-02
-1.213043486668805432e-01
-1.486386144343042615e-01
-1.046126742869201154e-01
-1.606131195013292198e-02
7.868033366345408841e-02
1.399185287710628667e-01
1.370137040317889743e-01
5.654297577349978732e-02
-9.376128921096169022e-02
-2.862564195760295971e-01
-4.795387723885952136e-01
-6.280492528072614267e-01
-6.928637276908854448e-01
-6.511133862755706936e-01
-5.018011024443367329e-01
-2.666276703793070690e-01
1.438545697247528739e-02
2.914703017389757567e-01
5.158971609408570247e-01
6.504743864402308118e-01
6.773458952487891871e-01
6.013141988166869067e-01
4.479736470531183734e-01
2.571563626279547154e-01
7.328442049078529030e-02
-6.506992685411334965e-02
-1.339532044574889835e-01
-1.290868069218609471e-01
-6.606760528363340990e-02
2.426685776857694446e-02
1.041389201492152056e-01
1.387627176963427689e-01
1.054962427165669209e-01
1.429984332986532986e-14
-1.620886817934860946e-01
-3.483825632434580100e-01
-5.171197401255763770e-01
-6.269460900843772944e-01
-6.467902233730264960e-01
-5.634915407109689633e-01
-3.853701580346278743e-01
-1.408819135719993065e-01
1.273442183100224889e-01
3.717080090042851337e-01
5.499473730653264836e-01
6.341735066040152802e-01
6.165599845332110363e-01
5.104082632504658434e-01
3.464010188891807340e-01
1.649805362293482180e-01
6.686713655720355996e-03
-9.725175355094524410e-02
-1.318641765558918877e-01
-1.013187926887543361e-01
-2.711301415976269044e-02
5.793219610078301912e-02
1.183844358607570452e-01
1.254940167960635344e-01
6.481851272528445229e-02
-5.966575418737850300e-02
-2.259643370084893077e-01
-3.988976495564747204e-01
-5.382297124455526216e-01
-6.081711667019358281e-01
-5.860068207882634939e-01
-4.678024437466605234e-01
-2.698325762769213099e-01
-2.537700383010928554e-02
2.223801251351681385e-01
4.297040544834563880e-01
5.617506237119876955e-01
5.999190050443813371e-01
5.454400444006025639e-01
4.184144505914909051e-01
2.525838241889045155e-01
8.711225764886654233e-02
-4.265678667600513591e-02
-1.132842983030519779e-01
-1.182732584844787549e-01
-6.891291066362258133e-02
9.211811329517913260e-03
8.315564238265965580e-02
1.212893194505647587e-01
1.016084835344304854e-01
1.766491610239017546e-02
-1.193149068818346870e-01
-2.826450704035369244e-01
-4.362156493385268563e-01
-5.429244390766786443e-01
-5.735103161770745972e-01
-5.136959932306174315e-01
-3.679450659180416028e-01
-1.589346465582253676e-01
7.714874035110447226e-02
2.984039815163599396e-01
4.662949712164160543e-01
5.539159437842744449e-01
5.515442741211696864e-01
4.682274150295622772e-01
3.290856311364048770e-01
1.690155679113083675e-01
2.431486671491410456e-02
-7.578063604817324161e-02
-1.156568530885038748e-01
-9.645877593121433835e-02
-3.511114479293813567e-02
4.048793259568013447e-02
9.890266479054191096e-02
1.134085348628581652e-01
6.905479920220691792e-02
-3.316708305472976237e-02
-1.760601809926565786e-01
-3.299408615865732086e-01
-4.594667036803354310e-01
-5.319601640983174784e-01
-5.252577992962789155e-01
-4.332247751378331402e-01
-2.676235273241829304e-01
-5.588265843674738997e-02
1.647257928947054306e-01
3.551528292025636913e-01
4.830146853513942462e-01
5.294631955285948877e-01
4.929145564170532290e-01
3.888105051028900583e-01
2.455187492354954926e-01
9.738069562451584504e-02
-2.342785990697971582e-02
-9.429676888769654430e-02
-1.071111902798890653e-01
-6.958185569701254292e-02
-2.711146076114636077e-03
6.494925936074345818e-02
1.048344966810572515e-01
9.586308703029232381e-02
3.007954265133121197e-02
-8.492164683403091718e-02
-2.273831435025644998e-01
-3.662651394791754389e-01
-4.684685942027130290e-01
-5.066929575388263718e-01
-4.660675643149249647e-01
-3.479836440421439359e-01
-1.702124156305305502e-01
3.673263091685274873e-02
2.361509471233574908e-01
3.931089331744553328e-01
4.819528722712305147e-01
4.916529368415431533e-01
4.277671204893382373e-01
3.106116453631986296e-01
1.701137897052588666e-01
3.859428770374426915e-02
-5.680140155315198391e-02
-1.002399245276631157e-01
-9.047900521261988127e-02
-4.055351946637165972e-02
2.600687814586281205e-02
8.148022302314965326e-02
1.012327738416867878e-01
7.021132248749294147e-02
-1.292267597009248183e-02
-1.350187025399337271e-01
-2.712198145884995304e-01
-3.906509448422837427e-01
-4.636693625718069089e-01
-4.689614358505614367e-01
-3.988041591581729661e-01
-2.612414520971730325e-01
-7.865077619304110257e-02
1.169770143389780859e-01
2.909526571917966931e-01
4.133965399333243140e-01
4.656063284726554841e-01
4.438262435782725501e-01
3.595760594032889612e-01
2.365075231180099324e-01
1.045675006585453926e-01
-7.130337489498705938e-03
-7.703550427062794137e-02
-9.591486656318055914e-02
-6.853700291516708065e-02
-1.193094818032079153e-02
4.931955843155331337e-02
8.958316164920308855e-02
8.890439242739861525e-02
3.831548401182547497e-02
-5.754787611188934282e-02
-1.811638044155563509e-01
-3.060148965505906093e-01
-4.027362338225106142e-01
-4.460670527458454604e-01
-4.209601128660209746e-01
-3.264000687343288076e-01
-1.760210928016449350e-01
4.633746019419378651e-03
1.835814186271280124e-01
3.293293464224845146e-01
4.176634162285248197e-01
4.367305697250961072e-01
3.892602058486508976e-01
2.914445917332809666e-01
1.687825699087467934e-01
4.989789239213512917e-02
-4.019250337073419777e-02
-8.577181081083926073e-02
-8.375189947850389394e-02
-4.388382624686457817e-02
1.415614996591097255e-02
6.606855605863252989e-02
8.932075148529411424e-02
6.907345533830219764e-02
2.210281977833021723e-03
-1.015051047286503194e-01
-2.214315498806675164e-01
-3.307458351280626596e-01
-4.027226019402085355e-01
-4.171128818122404880e-01
-3.651101967008379967e-01
-2.517251706635389996e-01
-9.499911431242046012e-02
7.777065004551154959e-02
2.359213354521654260e-01
3.520664326547666700e-01
4.079540311137481168e-01
3.981980139147035525e-01
3.310434569455488751e-01
2.260262028086294228e-01
1.091133111622129975e-01
6.494666794028366129e-03
-6.150009557317478309e-02
-8.493084203496942264e-02
-6.617601940965418816e-02
-1.884153497191496177e-02
3.604959228922106212e-02
7.564115490897438399e-02
8.123928143434268334e-02
4.326690915743726384e-02
-3.602067888395709544e-02
-1.427188722359995776e-01
-2.543218505442726984e-01
-3.449191552445241005e-01
-3.913124083367574002e-01
-3.786041534054118141e-01
-3.039339655659292760e-01
-1.774727948353819473e-01
-2.043104647648475228e-02
1.394635821982406765e-01
2.739712919347431219e-01
3.604380924912611306e-01
3.865808121623135474e-01
3.528680740600815824e-01
2.719747042722585606e-01
1.654745461013062968e-01
5.858057351376001753e-02
-2.580981631980577493e-02
-7.235693751464654377e-02
-7.658426416337640874e-02
-4.549377442966901636e-02
4.617081334548070112e-03
5.257897562625671317e-02
7.792764498345142177e-02
6.627871270339803778e-02
1.319994441723988492e-02
-7.435585249320975088e-02
-1.794092876645885237e-01
-2.787896804092570013e-01
-3.485424842349584829e-01
-3.696296717151175137e-01
-3.325729501307226332e-01
-2.399379778941700958e-01
-1.060656056893804072e-01
4.589714446256254465e-02
1.889810912246245589e-01
2.982391717668427256e-01
3.560997587427312538e-01
3.559992406507375695e-01
3.034733406197765437e-01
2.144858758705175672e-01
1.114207788982981284e-01
1.770560209148302339e-02
-4.765467410766176248e-02
-7.434762656699059336e-02
-6.283741301290164671e-02
-2.380062119180206479e-02
2.491538323306470223e-02
6.305293533800580830e-02
7.326038910432819407e-02
4.567532760154599525e-02
-1.933350546410746509e-02
-1.109304768611551889e-01
-2.101488546000025159e-01
-2.942500579312800624e-01
-3.420763757265061766e-01
-3.391302117804669281e-01
-2.811761248667782320e-01
-1.755093622641141216e-01
-3.958326472280046526e-02
1.026922718785816119e-01
2.261245031098024494e-01
3.096855293072413029e-01
3.409770551567620211e-01
3.186917079054792934e-01
2.525248367747223166e-01
1.605902300492277057e-01
6.497596747805982342e-02
-1.349442847230361564e-02
-6.005534161627546635e-02
-6.922521165743923677e-02
-4.572598011618533159e-02
-2.910309582527394624e-03
4.089512940103006561e-02
6.722898620071392217e-02
6.233968356510999342e-02
2.086238986521689320e-02
-5.256071853358337126e-02
-1.441126438108160657e-01
-2.338960791789077009e-01
-3.005609367059797199e-01
-3.263704777572817850e-01
-3.015063532508554522e-01
-2.265914070746622155e-01
-1.128283514146247168e-01
2.028736963421285192e-02
1.491536479195281484e-01
2.511769058410436850e-01
3.096331032073452727e-01
3.171563637245657929e-01
2.770640942016601160e-01
2.022381447497518803e-01
1.118546446463350164e-01
2.675538628359708584e-02
-3.543632685958984785e-02
-6.430444690817549436e-02
-5.880630641021887539e-02
-2.712965609565967662e-02
1.569334308495169347e-02
5.181622367926000394e-02
6.526604094597504568e-02
4.615148705285043035e-02
-6.626339522952132306e-03
-8.481712319839425362e-02
-1.725594302094295429e-01
-2.500070803576417977e-01
-2.979873663902010139e-01
-3.025887625341922571e-01
-2.585911317701027334e-01
-1.709236032726569043e-01
-5.379912915749548302e-02
7.227984048988124466e-02
1.849519688878830392e-01
2.648376062870875791e-01
2.996715616802854698e-01
2.867815410498175677e-01
2.333580093089365204e-01
1.544810768693430647e-01
6.939434065558235110e-02
-3.079038270226442872e-03
-4.889109202908570317e-02
-6.187357028791268254e-02
-4.487733751090228207e-02
-8.704428315297444568e-03
3.088297017054649971e-02
5.733683621937916280e-02
5.766397452987791911e-02
2.588183272719734099e-02
-3.524611255035966367e-02
-1.146177692304276574e-01
-1.952528722923037863e-01
-2.582272524640438216e-01
-2.871507380363940709e-01
-2.721284754679207940e-01
-2.122663857449129665e-01
-1.161239540939891235e-01
-4.761579130025451528e-15
