0.000000000000000000e+00
9.728516065446224381e-01
1.887279446054175525e+00
2.688368340605851170e+00
3.328009585197965414e+00
3.767790074677922263e+00
3.981299169754900724e+00
3.955714765241706399e+00
3.692573310560793853e+00
3.207677539594827820e+00
2.530147451086294907e+00
1.700671532142562503e+00
7.690632461156553523e-01
-2.087304721231422189e-01
-1.173989061268861045e+00
-2.068744746419897140e+00
-2.839263743974615561e+00
-3.439273197819716632e+00
-3.832740055931167955e+00
-3.996035004341988994e+00
-3.919351505282414383e+00
-3.607294720376634789e+00
-3.078604951619728691e+00
-2.365032208649233691e+00
-1.509429489206446817e+00
-5.631792791905843032e-01
4.168921783671112324e-01
1.371927534484647992e+00
2.244572961732755445e+00
2.982422489043706992e+00
3.541165197259274144e+00
3.887246273294166166e+00
3.999882115594468601e+00
3.872308475464816713e+00
3.512186678209721080e+00
2.941143528827536269e+00
2.193472532825214483e+00
1.314074429221378404e+00
3.557607152581763188e-01
-6.239179026725593102e-01
-1.566127667234979093e+00
-2.414284980876639786e+00
-3.117454485144175891e+00
-3.633407939854684798e+00
-3.931160203763432115e+00
-3.992830020588634898e+00
-3.814713862487968843e+00
-3.407508342239832011e+00
-2.795667837357021401e+00
-2.015935903464490586e+00
-1.115138671648500557e+00
-1.473727454027430328e-01
8.292435243967553049e-01
1.756060287098990758e+00
2.577418358647482144e+00
3.243991786038001646e+00
3.715750075029021104e+00
3.964362187065993748e+00
3.974897935450315334e+00
3.746724604868567177e+00
3.293544948566822228e+00
2.642574281282380255e+00
1.832906086909646959e+00
9.131642929268747322e-01
-6.141679777473370294e-02
-1.032309555475619867e+00
-1.941207850124326395e+00
-2.733528575861842835e+00
-3.361689592528116499e+00
-3.787967230191027213e+00
-3.986761751719509750e+00
-3.946134722993189570e+00
-3.668525965302046110e+00
-3.170607033975929134e+00
-2.482280022458935420e+00
-1.644881817789449308e+00
-7.087016493792738236e-01
2.700389874334570561e-01
1.232562664962698173e+00
2.121065851073239195e+00
2.882190250619121041e+00
3.470227191995495009e+00
3.849862622123907396e+00
3.998297861556360466e+00
3.906618759573405431e+00
3.580331025843606518e+00
3.039029589761742312e+00
2.315221843806423152e+00
1.452375440025895026e+00
5.023078775561200526e-01
-4.779253527511708732e-01
-1.429457186790574985e+00
-2.295144198139821512e+00
-3.022998297417034408e+00
-3.569308832303151213e+00
-3.901267593196356742e+00
-3.998939082040005033e+00
-3.856457721523245841e+00
-3.482380107284791304e+00
-2.899171148916482199e+00
-2.141854959127035496e+00
-1.255911510757614646e+00
-2.945453761043457241e-01
6.845094279400323334e-01
1.622456606646454969e+00
2.462968548392217016e+00
3.155569030961734356e+00
3.658664527685770107e+00
3.942042070934677067e+00
3.988683665920373489e+00
3.795788291745879395e+00
3.374940114307724226e+00
2.751412809169963225e+00
1.962651772701678565e+00
1.056025370983551204e+00
8.598027329739127422e-02
-8.892282957989460224e-01
-1.811035023910230635e+00
-2.624081600301070072e+00
-3.279541211664904754e+00
-3.738050794429048640e+00
-3.972074949703734426e+00
-3.967559557994914332e+00
-3.724775787270549365e+00
-3.258303808201350016e+00
-2.596157194543259994e+00
-1.778100592044061790e+00
-8.532616868219814465e-01
1.228191155974499571e-01
1.091524121596509023e+00
1.994678584671731647e+00
2.778044339832272502e+00
3.394577029979006344e+00
3.807251314334016534e+00
3.991284393456663970e+00
3.935624318962331447e+00
3.643613708783237204e+00
3.132789009121542012e+00
2.433827358245869821e+00
1.588704297320417957e+00
6.481729653597406715e-01
-3.312838369109289416e-01
-1.290845673104618063e+00
-2.172886881921662017e+00
-2.924437236708231858e+00
-3.500363026888307694e+00
-3.866077524158600287e+00
-3.999618058728455772e+00
-3.892964968576476448e+00
-3.552523213360131660e+00
-2.998737730068746998e+00
-2.264865629905655986e+00
-1.394978971060482964e+00
-4.413180491357075463e-01
5.388458489034356758e-01
1.486649822641286089e+00
2.345174319101825500e+00
3.062861387578376338e+00
3.596610948047742173e+00
3.914369129430177896e+00
3.997053237265701942e+00
3.839697748527802101e+00
3.451752511840727067e+00
2.856515244942821052e+00
2.089732410272869600e+00
1.197452491893432613e+00
2.332605933607197757e-01
-7.449395696116504206e-01
-1.678403027029453209e+00
-2.511071433298257549e+00
-3.192939602983650982e+00
-3.683058529241958201e+00
-3.951994541229078006e+00
-3.983596917903908352e+00
-3.775967805698461799e+00
-3.341576192482620389e+00
-2.706509093215024642e+00
-1.908904916682522490e+00
-9.966630961412441536e-01
-2.456753002393342530e-02
9.490034179924422553e-01
1.865582781438969606e+00
2.670126174472157832e+00
3.314317435153220082e+00
3.759470211024253494e+00
3.978851234752844412e+00
3.959285767523730293e+00
3.701948796654243701e+00
3.222294472740871552e+00
2.549128023928569409e+00
1.722875882693393201e+00
7.931579111880617816e-01
-1.841924769300304909e-01
-1.150481344165123376e+00
-2.047679043150666622e+00
-2.821905137243054362e+00
-3.426664143832850673e+00
-3.825637780588295289e+00
-3.994866028684211035e+00
-3.924186031138087838e+00
-3.617842414450916699e+00
-3.094232381211054594e+00
-2.384800881905746461e+00
-1.532152215447539323e+00
-5.874914646227008541e-01
3.924505811429886415e-01
1.348824344581544876e+00
2.224195621362365927e+00
2.965994741867064910e+00
3.529673597512863470e+00
3.881380939123413309e+00
3.999995284601543855e+00
3.878393351382275700e+00
3.523877839044485150e+00
2.957738871964598726e+00
2.213975439196666173e+00
1.337253614407991620e+00
3.802241732167269128e-01
-5.996393038825792443e-01
-1.543491957995779540e+00
-2.394651529250444000e+00
-3.102002361192859770e+00
-3.623065107600547119e+00
-3.926547793107526108e+00
-3.994225025888389791e+00
-3.822032507899156162e+00
-3.420311112802882025e+00
-2.813185873690143168e+00
-2.037117174953007037e+00
-1.138711155239101602e+00
-1.719208158547051724e-01
8.051940803546280279e-01
1.733953738157389290e+00
2.558582294601885909e+00
3.229557390524416594e+00
3.706584193263261273e+00
3.961015268199115980e+00
3.977570975818096599e+00
3.755257077329285931e+00
3.307424442820762867e+00
2.660967276231997136e+00
1.854708007052562779e+00
9.370658426883334835e-01
-3.685100542154524927e-02
-1.008554798075381509e+00
-1.919690699214790186e+00
-2.715541225446208795e+00
-3.348312257474933329e+00
-3.780003274858666273e+00
-3.984689444600201025e+00
-3.950078514709768562e+00
-3.678249014832771113e+00
-3.185525431938509122e+00
-2.501497857286545390e+00
-1.667244978929839139e+00
-7.328671364119700993e-01
2.455224120611800842e-01
1.209167323112084080e+00
2.100196729890158931e+00
2.865100627238490461e+00
3.457943369060449967e+00
3.843122294062452760e+00
3.997505812976715145e+00
3.911822556272222862e+00
3.591218158282962314e+00
3.054946240560844739e+00
2.335212152182354117e+00
1.475238905191434302e+00
5.266714537625902803e-01
-4.535247991315481952e-01
-1.406485010032506366e+00
-2.274979972573112796e+00
-3.006852968276359839e+00
-3.558151993452652206e+00
-3.895769259003546647e+00
-3.999429450238840111e+00
-3.862907343473040100e+00
-3.494401656482992724e+00
-2.916042681558879135e+00
-2.162563269822434187e+00
-1.279212979706551900e+00
-3.190406536175146024e-01
6.602913846992927160e-01
1.599970191448798040e+00
2.443564163574581283e+00
3.140411990175636436e+00
3.648665073987720220e+00
3.937800712921657897e+00
3.990455114702271988e+00
3.803466164488710444e+00
3.388063322963278168e+00
2.769193250722269184e+00
1.984021658016127843e+00
1.079701349965646484e+00
1.105405053795955050e-01
-8.652587542440528523e-01
-1.789095643098165489e+00
-2.605489930888870376e+00
-3.265413760379065611e+00
-3.729235973213555155e+00
-3.969102125070056886e+00
-3.970607260371213254e+00
-3.733660989510202644e+00
-3.272492917120954470e+00
-2.614798095402663058e+00
-1.800073821564506238e+00
-8.772476615913703535e-01
9.826085267725952199e-02
1.067868395896590661e+00
1.973346020466179906e+00
2.760316045928410844e+00
3.381517663829252562e+00
3.799645144947574327e+00
3.989588202798284300e+00
3.939939970304075167e+00
3.653682029393199304e+00
3.148005354659563881e+00
2.453277924159538159e+00
1.611220996592166221e+00
6.724035769686017572e-01
-3.067944615181952273e-01
-1.267568222317820625e+00
-2.152219263040090702e+00
-2.907620625819391069e+00
-3.488407331104730780e+00
-3.859700732514287580e+00
-3.999203123964544027e+00
-3.898536809243562828e+00
-3.563747217356135977e+00
-3.014939849481079293e+00
-2.285072860379170567e+00
-1.417977784737841640e+00
-4.657272720297864765e-01
5.144920916931136068e-01
1.463814075071260712e+00
2.325227962364253997e+00
3.047002282982641308e+00
3.585791500489008854e+00
3.909239091531930832e+00
3.997920689044472287e+00
3.846510595912620456e+00
3.464101615137780144e+00
2.873658989368024219e+00
2.110641242990320521e+00
1.220870750926090986e+00
2.577819152910670319e-01
-7.207877916951975772e-01
-1.656071207390657607e+00
-2.491900690170461008e+00
-3.178081218867642832e+00
-3.673404811624552124e+00
-3.948125235824145651e+00
-3.985744392521730628e+00
-3.784003095596700561e+00
-3.355016745233026842e+00
-2.724547747974712220e+00
-1.930458377544644444e+00
-1.020436988539714651e+00
-4.913413328505295691e-02
9.251194301117947605e-01
1.843815741301859878e+00
2.651783282964562449e+00
3.300500258858413360e+00
3.751008528588329227e+00
3.976253205241376598e+00
3.962707413365963660e+00
3.711184633850142855e+00
3.236789851026086851e+00
2.568012435819450268e+00
1.745015241065550615e+00
8.172226559038895388e-01
-1.596475334299970461e-01
-1.126930227365724901e+00
-2.026536095128249393e+00
-2.804440079568190303e+00
-3.413925825532424074e+00
-3.818391190418868320e+00
-3.993546354389726716e+00
-3.928872524624005713e+00
-3.628253632379103255e+00
-3.109743086837642334e+00
-2.404479593136236382e+00
-1.554817144193469947e+00
-6.117814880693621671e-01
3.679941794756375617e-01
1.325670272874523326e+00
2.203734377490432994e+00
2.949455108243887125e+00
3.518048847619432706e+00
3.875369187322650788e+00
3.999957561480599111e+00
3.884331922370758861e+00
3.535436068366028639e+00
2.974222640091991110e+00
2.234394827603311207e+00
1.360382354274195515e+00
4.046732879497419999e-01
-5.753380848533587999e-01
-1.520798023491370721e+00
-2.374927744001479546e+00
-3.086433220169237934e+00
-3.612585602184296363e+00
-3.921787260988943924e+00
-3.995469356732034072e+00
-3.829206974485742432e+00
-3.432984858708259868e+00
-2.830597787997423787e+00
-2.058221600114568783e+00
-1.162240683141696929e+00
-1.964624009245193315e-01
7.811142619146304034e-01
1.711781779146306581e+00
2.539649712960695638e+00
3.215001166170450730e+00
3.697278487738496988e+00
3.957518927650356400e+00
3.980093969971768786e+00
3.763647889940083591e+00
3.321179170849536177e+00
2.679259891309550223e+00
1.876439961903446196e+00
9.609320434433601399e-01
-1.228382293503268129e-02
-9.847619948853317817e-01
-1.898101131666211971e+00
-2.697451436461256513e+00
-3.334808613782391351e+00
-3.771896726173701531e+00
-3.982466822736236978e+00
-3.953873297312444191e+00
-3.687833309494638279e+00
-3.200323662081616227e+00
-2.520621327919238652e+00
-1.689545246460373296e+00
-7.570049774416334198e-01
2.209965748281765840e-01
1.185726367750055354e+00
2.079248382825200636e+00
2.847902923447850565e+00
3.445529101863225918e+00
3.836236991604796920e+00
3.996562966179579846e+00
3.916878786989599792e+00
3.601969818925132127e+00
3.070747649389278244e+00
2.355114369171637190e+00
1.498046719806934046e+00
5.510151623015471234e-01
-4.291071371612728558e-01
-1.383459776332803814e+00
-2.254729927762919584e+00
-2.990594211391214063e+00
-3.546860930162388570e+00
-3.890123964409044621e+00
-3.999768947654666285e+00
-3.869211244673697703e+00
-3.506291386100272689e+00
-2.932804212100204921e+00
-2.183190001978151606e+00
-1.302466192806454703e+00
-3.435238959356942678e-01
6.360484332362085214e-01
1.577423420453251346e+00
2.424067599999120581e+00
3.125136483387887854e+00
3.638527981418076873e+00
3.933410808951209869e+00
3.992076031240710421e+00
3.811000558786575176e+00
3.401058723447021315e+00
2.786869229785763569e+00
2.005316699929843960e+00
1.103336599291160791e+00
1.350965675339469430e-01
-8.412565724669610612e-01
-1.767088772094233207e+00
-2.586799974380753042e+00
-3.251163127640213091e+00
-3.720280473744240535e+00
-3.965979573693389160e+00
-3.973505179226174633e+00
-3.742405346570817137e+00
-3.286558577539990811e+00
-2.633340358033482431e+00
-1.821979146762545021e+00
-9.012005438801196089e-01
7.369888305546586083e-02
1.044172386915508621e+00
1.951939015577774716e+00
2.742483624411273802e+00
3.368330736430110051e+00
3.791895641256770144e+00
3.987741512599026983e+00
3.944106994989021509e+00
3.663612521876563388e+00
3.163102947750795924e+00
2.472635944882458858e+00
1.633676915651042005e+00
6.966088234458509554e-01
-2.822935128944992211e-01
-1.244242954957954783e+00
-2.131470455826669497e+00
-2.890694330535361622e+00
-3.476320041864626731e+00
-3.853178341084064762e+00
-3.998637326955345905e+00
-3.903961585108460142e+00
-3.574836785843322318e+00
-3.031028236086846572e+00
-2.305193890874445817e+00
-1.440923107930840441e+00
-4.901189262583097728e-01
9.728516065445400596e-01
2.688368340605804097e+00
3.767790074677870749e+00
3.955714765241709063e+00
3.207677539594825600e+00
1.700671532142642883e+00
-2.087304721229611693e-01
-2.068744746419860725e+00
-3.439273197819705530e+00
-3.996035004341984109e+00
-3.607294720376672981e+00
-2.365032208649196388e+00
-5.631792791906301554e-01
1.371927534484520983e+00
2.982422489043706992e+00
3.887246273294144405e+00
3.872308475464806943e+00
2.941143528827572684e+00
1.314074429221516072e+00
-6.239179026725556465e-01
-2.414284980876563402e+00
-3.633407939854606195e+00
-3.992830020588638007e+00
-3.407508342239789378e+00
-2.015935903464499912e+00
-1.473727454028461170e-01
1.756060287098815120e+00
3.243991786037970559e+00
3.964362187066004406e+00
3.746724604868571173e+00
2.642574281282457527e+00
9.131642929268437570e-01
-1.032309555475561247e+00
-2.733528575861731369e+00
-3.787967230191023660e+00
-3.946134722993207777e+00
-3.170607033975909594e+00
-1.644881817789497935e+00
2.700389874333045115e-01
2.121065851073230313e+00
3.470227191995439942e+00
3.998297861556361354e+00
3.580331025843636716e+00
2.315221843806547941e+00
5.023078775561448106e-01
-1.429457186790471956e+00
-3.022998297416896740e+00
-3.901267593196341643e+00
-3.856457721523229853e+00
-2.899171148916499519e+00
-1.255911510757732774e+00
6.845094279398257209e-01
2.462968548392152623e+00
3.658664527685800305e+00
3.988683665920374377e+00
3.374940114307783290e+00
1.962651772701663244e+00
8.598027329745887293e-02
-1.811035023910094299e+00
-3.279541211664890543e+00
-3.972074949703719327e+00
-3.724775787270543148e+00
-2.596157194543311064e+00
-8.532616868221447604e-01
1.091524121596471275e+00
2.778044339832182796e+00
3.807251314334021863e+00
3.935624318962348323e+00
3.132789009121513590e+00
1.588704297320453929e+00
-3.312838369108049297e-01
-2.172886881921485713e+00
-3.500363026888261064e+00
-3.999618058728456660e+00
-3.552523213360149423e+00
-2.264865629905758571e+00
-4.413180491356899493e-01
1.486649822641223473e+00
3.062861387578406092e+00
3.914369129430169458e+00
3.839697748527773236e+00
2.856515244942828602e+00
1.197452491893524318e+00
-7.449395696114443632e-01
-2.511071433298205147e+00
-3.683058529241909351e+00
-3.983596917903906576e+00
-3.341576192482657692e+00
-1.908904916682656827e+00
-2.456753002397261271e-02
1.865582781438859472e+00
3.314317435153229852e+00
3.978851234752834642e+00
3.701948796654226381e+00
2.549128023928599607e+00
7.931579111881837951e-01
-1.150481344164922648e+00
-2.821905137242985973e+00
-3.825637780588308612e+00
-3.924186031138095831e+00
-3.094232381211151850e+00
-1.532152215447549315e+00
3.924505811428931068e-01
2.224195621362404118e+00
3.529673597512845262e+00
3.999995284601543855e+00
3.523877839044490479e+00
2.213975439196746109e+00
3.802241732169356903e-01
-1.543491957995717145e+00
-3.102002361192763402e+00
-3.926547793107524331e+00
-3.822032507899184584e+00
-2.813185873690130734e+00
-1.138711155239166439e+00
8.051940803544782588e-01
2.558582294601855711e+00
3.706584193263299909e+00
3.977570975818094379e+00
3.307424442820801058e+00
1.854708007052698227e+00
-3.685100542150606534e-02
-1.919690699214680940e+00
-3.348312257474943099e+00
-3.984689444600192587e+00
-3.678249014832752906e+00
-2.501497857286576032e+00
-7.328671364120924459e-01
1.209167323112127823e+00
2.865100627238463371e+00
3.843122294062473632e+00
3.911822556272230855e+00
3.054946240560906912e+00
1.475238905191629035e+00
-4.535247991315092819e-01
-2.274979972572987119e+00
-3.558151993452634443e+00
-3.999429450238841444e+00
-3.494401656482984286e+00
-2.162563269822467049e+00
-3.190406536174403285e-01
1.599970191448762069e+00
3.140411990175717705e+00
3.937800712921661006e+00
3.803466164488740198e+00
2.769193250722379762e+00
1.079701349965903168e+00
-8.652587542439035273e-01
-2.605489930888883698e+00
-3.729235973213520072e+00
-3.970607260371203928e+00
-3.272492917120977118e+00
-1.800073821564642795e+00
9.826085267727716066e-02
1.973346020466096418e+00
3.381517663829170850e+00
3.989588202798297623e+00
3.653682029393169106e+00
2.453277924159523948e+00
6.724035769686964592e-01
-1.267568222317621895e+00
-2.907620625819363980e+00
-3.859700732514247612e+00
-3.898536809243622336e+00
-3.014939849480955836e+00
-1.417977784737825209e+00
5.144920916930747490e-01
2.325227962364314838e+00
3.585791500489016403e+00
3.997920689044475395e+00
3.464101615137856527e+00
2.110641242990547006e+00
2.577819152912196321e-01
-1.656071207390622080e+00
-3.178081218867584656e+00
-3.948125235824148760e+00
-3.784003095596712996e+00
-2.724547747974824130e+00
-1.020436988539697776e+00
9.251194301116459906e-01
2.651783282964447874e+00
3.751008528588374524e+00
3.962707413365953446e+00
3.236789851026109943e+00
1.745015241065636991e+00
-1.596475334297874915e-01
-2.026536095128215642e+00
-3.413925825532344138e+00
-3.993546354389711617e+00
-3.628253632379071725e+00
-2.404479593136222171e+00
-6.117814880694569801e-01
1.325670272874593714e+00
2.949455108243899115e+00
3.875369187322626807e+00
3.884331922370795276e+00
2.974222640092169190e+00
1.360382354274125349e+00
-5.753380848533200531e-01
-2.374927744001402274e+00
-3.612585602184303912e+00
-3.995469356732036292e+00
-3.432984858708338027e+00
-2.058221600114553684e+00
-1.964624009246720149e-01
1.711781779146373861e+00
3.215001166170528890e+00
3.957518927650367058e+00
3.763647889940096913e+00
2.679259891309621722e+00
9.609320434435637548e-01
-9.847619948852938121e-01
-2.697451436461143714e+00
-3.771896726173688208e+00
-3.953873297312433088e+00
-3.200323662081605569e+00
-1.689545246460460337e+00
2.209965748282509690e-01
2.079248382825167329e+00
3.445529101863177068e+00
3.996562966179568743e+00
3.601969818925248035e+00
2.355114369171622979e+00
5.510151623015858702e-01
-1.383459776332660374e+00
-2.990594211391226054e+00
-3.890123964409022417e+00
-3.869211244673736338e+00
-2.932804212100231567e+00
-1.302466192806599254e+00
6.360484332361698856e-01
2.424067599999225386e+00
3.638527981418083979e+00
3.992076031240713085e+00
3.401058723447102139e+00
2.005316699930025592e+00
1.350965675339861338e-01
-1.767088772094096205e+00
-3.251163127640189998e+00
-3.965979573693398930e+00
-3.742405346570810920e+00
-2.633340358033554818e+00
-9.012005438800470003e-01
1.044172386915470652e+00
2.742483624411204080e+00
3.791895641256684879e+00
3.944106994988990422e+00
3.163102947750784821e+00
1.633676915651077755e+00
-2.822935128943467320e-01
-2.131470455826684596e+00
-3.476320041864579213e+00
-3.998637326955341909e+00
-3.574836785843340081e+00
-2.305193890874384977e+00
-4.901189262583486861e-01
1.440923107930926372e+00
3.031028236086832361e+00
3.903961585108443266e+00
3.853178341084116276e+00
2.890694330535533929e+00
1.244242954958137304e+00
-6.966088234456617734e-01
-2.472635944882352721e+00
-3.663612521876577599e+00
-3.987741512599032756e+00
-3.368330736430183325e+00
-1.951939015577793368e+00
-7.369888305554422869e-02
1.821979146762374047e+00
3.286558577539816728e+00
3.973505179226179074e+00
3.720280473744248528e+00
2.586799974380856071e+00
8.412565724671489109e-01
-1.103336599291085518e+00
-2.786869229785666757e+00
-3.811000558786482362e+00
-3.933410808951224080e+00
-3.125136483387901620e+00
-1.577423420453323288e+00
3.435238959357294064e-01
2.183190001978133843e+00
3.506291386100207408e+00
3.999768947654664064e+00
3.546860930162529790e+00
2.254729927763078567e+00
4.291071371613507934e-01
-1.498046719806808591e+00
-3.070747649389264478e+00
-3.916878786989583805e+00
-3.836236991604851543e+00
-2.847902923447865664e+00
-1.185726367750238985e+00
7.570049774414449040e-01
2.520621327919310151e+00
3.687833309494652045e+00
3.982466822736244083e+00
3.334808613782465958e+00
1.898101131666380947e+00
1.228382293511105783e-02
-1.876439961903326736e+00
-3.321179170849365647e+00
-3.980093969971760792e+00
-3.697278487738504982e+00
-2.539649712960756034e+00
-7.811142619145958754e-01
1.162240683141676278e+00
2.830597787997328307e+00
3.829206974485686921e+00
3.921787260989004320e+00
3.086433220169360059e+00
1.520798023491443107e+00
-4.046732879496074409e-01
-2.234394827603292999e+00
-3.535436068365992224e+00
-3.999957561480599999e+00
-3.518048847619442920e+00
-2.203734377490593310e+00
-3.679941794758287976e-01
1.554817144193554990e+00
3.109743086837664539e+00
3.928872524623991058e+00
3.818391190418908732e+00
2.804440079568367938e+00
1.126930227365800175e+00
-8.172226559037014670e-01
-2.568012435819215789e+00
-3.711184633850156178e+00
-3.976253205241379263e+00
-3.300500258858489744e+00
-1.843815741301828348e+00
4.913413328497458210e-02
1.930458377544526094e+00
3.355016745232860309e+00
3.985744392521704871e+00
3.673404811624560562e+00
2.491900690170522292e+00
7.207877916953865371e-01
-1.220870750926070336e+00
-2.873658989367930072e+00
-3.846510595912567609e+00
-3.909239091531935717e+00
-3.047002282982765653e+00
-1.463814075071439458e+00
4.657272720298780144e-01
2.285072860379199433e+00
3.563747217356100450e+00
3.999203123964546691e+00
3.488407331104852460e+00
2.152219263040204833e+00
3.067944615183867407e-01
-1.611220996591886445e+00
-3.148005354659585642e+00
-3.939939970304071171e+00
-3.799645144947616515e+00
-2.760316045928426387e+00
-1.067868395896666156e+00
8.772476615911829478e-01
2.614798095402431688e+00
3.733660989510072525e+00
3.969102125070059550e+00
3.265413760379110908e+00
1.789095643098286503e+00
-1.105405053795739806e-01
-1.984021658016010603e+00
-3.388063322963176027e+00
-3.990455114702266215e+00
-3.648665073987799268e+00
-2.443564163574598602e+00
-6.602913846992018998e-01
1.279212979706585207e+00
2.916042681558825400e+00
3.862907343472990362e+00
3.895769259003603047e+00
3.006852968276449101e+00
1.406485010032686223e+00
-5.266714537625125647e-01
-2.335212152182382983e+00
-3.591218158282952544e+00
-3.997505812976720030e+00
-3.457943369060446415e+00
-2.100196729890225988e+00
-2.455224120613717642e-01
1.667244978929586896e+00
3.185525431938289742e+00
3.950078514709765010e+00
3.780003274858700912e+00
2.715541225446350015e+00
1.008554798075429915e+00
-9.370658426882019221e-01
-2.660967276231811507e+00
-3.755257077329249071e+00
-3.961015268199142625e+00
-3.229557390524462779e+00
-1.733953738157332003e+00
1.719208158546836618e-01
2.037117174952915111e+00
3.420311112802782549e+00
3.994225025888373359e+00
3.623065107600616397e+00
2.394651529250643396e+00
5.996393038827129152e-01
-1.337253614407998281e+00
-2.957738871964545879e+00
-3.878393351382242393e+00
-3.881380939123411533e+00
-2.965994741867117757e+00
-1.348824344581725843e+00
5.874914646224265180e-01
2.384800881905820180e+00
3.617842414450907373e+00
3.994866028684216364e+00
3.426664143832949705e+00
2.047679043150709699e+00
1.841924769301655496e-01
-1.722875882693168492e+00
-3.222294472740808047e+00
-3.959285767523735622e+00
-3.759470211024280140e+00
-2.670126174472110314e+00
-9.490034179924632385e-01
9.966630961411407919e-01
2.706509093214882977e+00
3.775967805698360991e+00
3.951994541229103319e+00
3.192939602983664305e+00
1.678403027029576000e+00
-2.332605933607266591e-01
-2.089732410272802987e+00
-3.451752511840644022e+00
-3.997053237265701497e+00
-3.596610948047801237e+00
-2.345174319102004024e+00
-5.388458489037386556e-01
1.394978971060516049e+00
2.998737730068714136e+00
3.892964968576452023e+00
3.866077524158657130e+00
2.924437236708285148e+00
1.290845673104773050e+00
-6.481729653594949792e-01
-2.433827358245762795e+00
-3.643613708783239868e+00
-3.991284393456668855e+00
-3.394577029978972593e+00
-1.994678584671762511e+00
-1.228191155975851268e-01
1.778100592043864170e+00
3.258303808201164387e+00
3.967559557994892128e+00
3.738050794429066404e+00
2.624081600301172212e+00
8.892282957989531278e-01
-1.056025370983461942e+00
-2.751412809169823781e+00
-3.795788291745863408e+00
-3.942042070934702380e+00
-3.155569030961869803e+00
-1.622456606646318855e+00
2.945453761043950736e-01
2.141854959126993307e+00
3.482380107284724691e+00
3.998939082039999704e+00
3.569308832303192958e+00
2.295144198139979164e+00
4.779253527514462085e-01
-1.452375440025980957e+00
-3.039029589761737427e+00
-3.906618759573382782e+00
-3.849862622123897626e+00
-2.882190250619155680e+00
-1.232562664962840282e+00
7.087016493790289084e-01
2.482280022458684510e+00
3.668525965301969283e+00
3.986761751719513747e+00
3.361689592528197768e+00
1.941207850124332612e+00
6.141679777484049252e-02
-1.832906086909469989e+00
-3.293544948566785813e+00
-3.974897935450298014e+00
-3.715750075029113031e+00
-2.577418358647395102e+00
-8.292435243967207770e-01
1.115138671648439050e+00
2.795667837356914376e+00
3.814713862487893792e+00
3.931160203763452099e+00
3.117454485144305121e+00
1.566127667235247323e+00
-3.557607152582397680e-01
-2.193472532825196719e+00
-3.512186678209666457e+00
-3.999882115594468601e+00
-3.541165197259307451e+00
-2.244572961732890892e+00
-4.168921783673588122e-01
1.509429489206130626e+00
3.078604951619742014e+00
3.919351505282400172e+00
3.832740055931214584e+00
2.839263743974635990e+00
1.173989061268976730e+00
-7.690632461154494059e-01
-2.530147451086236732e+00
-3.692573310560729904e+00
-3.981299169754903833e+00
-3.328009585197907239e+00
-1.887279446054163978e+00
-7.837739514543060841e-14
